VTuber ID,View Count,Title,Publish Time,URL,Thumbnail URL
0665fb3db61c43b5933f1de118625382,356899,【末日筆記本】英文很爛也想和外國人玩遊戲怎麼辦 ？ 沒關係，其實外國人的英文更爛   Candy Ch.|末日|喪屍|vtuber,2022-08-05T06:53:50Z,https://www.youtube.com/watch?v=Vzy-8wltlW4,https://i.ytimg.com/vi/Vzy-8wltlW4/mqdefault.jpg
312fdd3c5e6d4aefa73fd3860ecc5613,159808,踊／Ado ｜cover by 森森鈴蘭 Linglan Lily,2022-08-30T12:00:12Z,https://www.youtube.com/watch?v=LzRhJS6g4ko,https://i.ytimg.com/vi/LzRhJS6g4ko/mqdefault.jpg
f99b7c49c1c8472681987ac2d1ff87bc,157676,《Apex英雄》WES 全球精英社群公開系列賽決賽 !比賽 !賽制 !SZ !VPN,2022-08-14T06:45:25Z,https://www.twitch.tv/videos/1561519263,https://static-cdn.jtvnw.net/cf_vods/d3vd9lfkzbru3h/5e959494d99750b8cbfd_restiafps_39568077927_1660459518//thumb/thumb0-%{width}x%{height}.jpg
312fdd3c5e6d4aefa73fd3860ecc5613,153183,【#初配信預告】準備好跟我們一起開箱了嗎？【箱箱The Box】,2022-08-29T09:00:09Z,https://www.youtube.com/watch?v=G0Fsc5gvO10,https://i.ytimg.com/vi/G0Fsc5gvO10/mqdefault.jpg
4b6b055ada4d4f0ab63b7ad02a3fa3ef,148221,【#Rumi3D】3D首次亮相✨生日LIVE🍰🎤｜Rumi/懶貓子,2022-08-13T13:03:54Z,https://www.youtube.com/watch?v=Zlef92wDMnA,https://i.ytimg.com/vi/Zlef92wDMnA/mqdefault.jpg
5535c9524eb046c38e172ebfa06b302f,140691,🔴AR60 ASIA【#原神 / Genshin】生草之神跟你一起看3.0須彌前瞻直播! 參加有禮貌運動抽空月祝福! ▹璐洛洛◃,2022-08-13T14:40:09Z,https://www.youtube.com/watch?v=hCu-_krOy5Q,https://i.ytimg.com/vi/hCu-_krOy5Q/mqdefault.jpg
f99b7c49c1c8472681987ac2d1ff87bc,136902,【中/Eng/日本語】睡超久 打積分 !集氣 !SZ !VPN,2022-08-10T19:17:44Z,https://www.twitch.tv/videos/1558091509,https://static-cdn.jtvnw.net/cf_vods/d3vd9lfkzbru3h/0cbc049403457d581c49_restiafps_39561453783_1660159056//thumb/thumb0-%{width}x%{height}.jpg
5535c9524eb046c38e172ebfa06b302f,131030,【原神】3.0須彌🌱前瞻懶人包🎯▸提納里 柯萊 多莉登場！鍾離 甘雨 心海復刻！草元素反應機制？超多重磅改版消息，改版前必看！新地圖/新怪物/新武器/新聖遺物/新衣裝/新劇情/新活動▹璐洛洛◃,2022-08-15T14:45:14Z,https://www.youtube.com/watch?v=JtJUg_zYG5I,https://i.ytimg.com/vi/JtJUg_zYG5I/mqdefault.jpg
f99b7c49c1c8472681987ac2d1ff87bc,125637,【中/Eng/日本語】跟小千，Sigluss一起上大師 !SZ !VPN,2022-08-04T14:39:16Z,https://www.twitch.tv/videos/1552091542,https://static-cdn.jtvnw.net/cf_vods/d3vd9lfkzbru3h/772b226271fc4979b212_restiafps_39544098391_1659623948//thumb/thumb0-%{width}x%{height}.jpg
f99b7c49c1c8472681987ac2d1ff87bc,101881,【中/Eng/日本語】不要點進來看 !SZ !VPN,2022-08-17T03:51:52Z,https://www.twitch.tv/videos/1564277887,https://static-cdn.jtvnw.net/cf_vods/d3vd9lfkzbru3h/1b508986e9dbebecc70b_restiafps_39575908727_1660708304//thumb/thumb0-%{width}x%{height}.jpg
f99b7c49c1c8472681987ac2d1ff87bc,95047,【中/Eng/日本語】早起打RK !SZ !VPN,2022-08-22T03:19:08Z,https://www.twitch.tv/videos/1569066405,https://static-cdn.jtvnw.net/cf_vods/d3vd9lfkzbru3h/424f6c147bdc096a2b3e_restiafps_39590160455_1661138343//thumb/thumb0-%{width}x%{height}.jpg
f99b7c49c1c8472681987ac2d1ff87bc,93138,【中/Eng/日本語】早起爬頂 !SZ !VPN,2022-08-12T01:48:51Z,https://www.twitch.tv/videos/1559411040,https://static-cdn.jtvnw.net/cf_vods/d3vd9lfkzbru3h/aa1ecf9d4ae340bba5f5_restiafps_39564665031_1660268926//thumb/thumb0-%{width}x%{height}.jpg
c82ab1b4f8f64d1f84cae4ce09aa0dea,87211,フォニイ(Phony) - 汐Seki ft. 浠Mizuki【Cover】,2022-08-12T12:00:09Z,https://www.youtube.com/watch?v=hZERiEU7bUg,https://i.ytimg.com/vi/hZERiEU7bUg/mqdefault.jpg
f99b7c49c1c8472681987ac2d1ff87bc,81169,【中/Eng/日本語】調好作息早起打RK !SZ !VPN,2022-08-06T00:20:19Z,https://www.twitch.tv/videos/1553537783,https://static-cdn.jtvnw.net/cf_vods/d3vd9lfkzbru3h/958ee7eccb2de80c547a_restiafps_39547720167_1659745212//thumb/thumb0-%{width}x%{height}.jpg
5535c9524eb046c38e172ebfa06b302f,77306,【原神研究室】2.8宵宮復刻Q&A🔥▸10個常見問題整理，來歆餘響套 vs 追憶套？沒有火C該抽嗎？推薦命座？畢業面板怎麼看？克服對單弱點的組隊？ ▹璐洛洛◃,2022-08-04T14:00:14Z,https://www.youtube.com/watch?v=fslVCfITie4,https://i.ytimg.com/vi/fslVCfITie4/mqdefault.jpg
f99b7c49c1c8472681987ac2d1ff87bc,77022,先跟RPR 9Q爬分，晚上8點涉谷自訂賽 !午餐幫 !SZ !VPN,2022-09-01T07:31:41Z,https://www.twitch.tv/videos/1578611060,https://static-cdn.jtvnw.net/cf_vods/d3vd9lfkzbru3h/a40c91d28105a4b1121f_restiafps_39629932167_1662017494//thumb/thumb0-%{width}x%{height}.jpg
5535c9524eb046c38e172ebfa06b302f,76487,【原神研究室】提納里角色全分析🌱▸草元素入門的親民導師！高頻掛草速切C位，激化、綻放、烈綻放體系組隊思路？聖遺物/命座/天賦/武器 ▹璐洛洛◃,2022-08-26T14:10:08Z,https://www.youtube.com/watch?v=nx_D8q4xdg0,https://i.ytimg.com/vi/nx_D8q4xdg0/mqdefault.jpg
f99b7c49c1c8472681987ac2d1ff87bc,70018,【中/Eng/日本語】8點涉谷自訂賽 ft.ウマ、兎茗望もち !SZ !VPN,2022-08-18T11:43:44Z,https://www.twitch.tv/videos/1565417940,https://static-cdn.jtvnw.net/cf_vods/d3vd9lfkzbru3h/f1bbcfe2258d922c8935_restiafps_39579716599_1660823017//thumb/thumb0-%{width}x%{height}.jpg
f99b7c49c1c8472681987ac2d1ff87bc,68965,【中/Eng/日本語】5點聯動 抱佛腳 !SZ !VPN,2022-08-23T07:06:06Z,https://www.twitch.tv/videos/1570087189,https://static-cdn.jtvnw.net/cf_vods/d3vd9lfkzbru3h/d89ed8fcae80e8295660_restiafps_39593207767_1661238359//thumb/thumb0-%{width}x%{height}.jpg
f110fd69b66941bab04de9ada563c6ac,68200,【3Dio FS XLR/舔耳】 成人向 ♡暴力風俗店｜挑逗客人最敏感的地帶｜掏耳、精油、按摩、舔耳♡｜御姊闆娘【舔耳ASMR】,2022-08-18T17:09:19Z,https://www.youtube.com/watch?v=pVxiD3OxiPo,https://i.ytimg.com/vi/pVxiD3OxiPo/mqdefault.jpg
5535c9524eb046c38e172ebfa06b302f,65383,🔴AR60 ASIA【#原神 / Genshin】滿命鍾離連7不歪！3.0須彌正式改版！鍾離&提納里來我家! Ft. @蝦拉拉 Shalala  ▹璐洛洛◃,2022-08-24T18:09:50Z,https://www.youtube.com/watch?v=MyMkdWHxlLw,https://i.ytimg.com/vi/MyMkdWHxlLw/mqdefault.jpg
f99b7c49c1c8472681987ac2d1ff87bc,63342,【中/Eng/日本語】看隊友打比賽 !集氣 !SZ !VPN,2022-08-09T08:37:47Z,https://www.twitch.tv/videos/1556710992,https://static-cdn.jtvnw.net/cf_vods/d3vd9lfkzbru3h/eaaf877d59de21721128_restiafps_39556948455_1660034259//thumb/thumb0-%{width}x%{height}.jpg
f99b7c49c1c8472681987ac2d1ff87bc,60212,【中/Eng/日本語】週日Happy Day 什麼都玩 !SZ !VPN,2022-08-28T08:36:52Z,https://www.twitch.tv/videos/1574914310,https://static-cdn.jtvnw.net/cf_vods/d3vd9lfkzbru3h/93d4f7cd2038ed22dc30_restiafps_39613112471_1661675805//thumb/thumb0-%{width}x%{height}.jpg
f99b7c49c1c8472681987ac2d1ff87bc,57559,【中/Eng/日本語】換新眼鏡 等KSP來打瓦 !午餐幫 !SZ !VPN,2022-08-29T12:39:35Z,https://www.twitch.tv/videos/1575943881,https://static-cdn.jtvnw.net/cf_vods/d3vd9lfkzbru3h/dcb68e7046d2109e109a_restiafps_39618437063_1661776770//thumb/thumb0-%{width}x%{height}.jpg
1323f1b775bf43659f8b8ec2899522cd,55621,黑貓／GUMI｜cover by 柴崎楓音 Shibasaki Fuune,2022-08-26T12:00:08Z,https://www.youtube.com/watch?v=TaEqUM1qoz0,https://i.ytimg.com/vi/TaEqUM1qoz0/mqdefault.jpg
7c06b9e316ce4ac18ce836cd72442bbe,54409,【官方精華】你褲子先給我穿好【浠Mizuki ASMR酒雜精華】,2022-08-20T11:30:13Z,https://www.youtube.com/watch?v=PqaisLobVUI,https://i.ytimg.com/vi/PqaisLobVUI/mqdefault.jpg
7c06b9e316ce4ac18ce836cd72442bbe,52379,【官方精華】首次酒雜精華 學長接吻好香 長頸鹿好香【浠Mizuki Free Talk】,2022-08-09T11:30:15Z,https://www.youtube.com/watch?v=uQ4r4yg0brc,https://i.ytimg.com/vi/uQ4r4yg0brc/mqdefault.jpg
4b6b055ada4d4f0ab63b7ad02a3fa3ef,51269,【#幻塔 】懶貓子連動！初見play！！！✨｜Rumi/懶貓子,2022-08-17T14:21:40Z,https://www.youtube.com/watch?v=aNULjg8olzo,https://i.ytimg.com/vi/aNULjg8olzo/mqdefault.jpg
f99b7c49c1c8472681987ac2d1ff87bc,50029,【中/Eng/日本語】上個頂獵 下午4點跟Miru還有Zonda打日本比賽 !SZ !VPN,2022-08-13T00:13:03Z,https://www.twitch.tv/videos/1560279131,https://static-cdn.jtvnw.net/cf_vods/d2nvs31859zcd8/5ff2dd658813bde97d69_restiafps_41110797675_1660349578//thumb/thumb0-%{width}x%{height}.jpg
f99b7c49c1c8472681987ac2d1ff87bc,50003,【中/Eng/日本語】週六聊聊天 等等看要做什麼 !SZ !VPN,2022-08-27T06:37:46Z,https://www.twitch.tv/videos/1573887602,https://static-cdn.jtvnw.net/cf_vods/d3vd9lfkzbru3h/61d9c1a9a771872e2d59_restiafps_39608123655_1661582258//thumb/thumb0-%{width}x%{height}.jpg
a3ce195c0069494c99849d0b1a10a7fd,49983,【#悠姊姊ASMR 10 -red-】夏天好熱呀，跟悠姊姊一起去海邊吃冰吧！｜ #悠白 #Ubye #悠姊姊 #中文音聲 #ASMR #音聲,2022-08-14T14:55:58Z,https://www.youtube.com/watch?v=pbk9OCgdGjY,https://i.ytimg.com/vi/pbk9OCgdGjY/mqdefault.jpg
9d9c6477329245cbb2557895f4f15686,49956,08/13 你信狐嗎？ 周邊開賣啦♡♡♡ !週年慶,2022-08-13T15:20:44Z,https://www.twitch.tv/videos/1560820585,https://static-cdn.jtvnw.net/cf_vods/d2nvs31859zcd8/b6eb9494a958a6a441dd_iitifox_41115218555_1660404040//thumb/thumb0-%{width}x%{height}.jpg
f99b7c49c1c8472681987ac2d1ff87bc,49621,【中/Eng/日本語】早起RK !SZ !VPN,2022-08-15T01:41:26Z,https://www.twitch.tv/videos/1562279203,https://static-cdn.jtvnw.net/cf_vods/d3vd9lfkzbru3h/a22e0840f0c92ad0e99f_restiafps_39570271607_1660527680//thumb/thumb0-%{width}x%{height}.jpg
f99b7c49c1c8472681987ac2d1ff87bc,49610,【中/Eng/日本語】爬頂獵排名 不看聊天室 !SZ !VPN,2022-08-16T03:40:17Z,https://www.twitch.tv/videos/1563309434,https://static-cdn.jtvnw.net/cf_vods/d3vd9lfkzbru3h/02d4f87bb77229958a9a_restiafps_39573152839_1660621210//thumb/thumb0-%{width}x%{height}.jpg
f99b7c49c1c8472681987ac2d1ff87bc,49113,【中/Eng/日本語】RK爬排名 !SZ !VPN,2022-08-18T03:59:43Z,https://www.twitch.tv/videos/1565235384,https://static-cdn.jtvnw.net/cf_vods/d3vd9lfkzbru3h/5ea65ec5b3e1f6e44805_restiafps_39578686343_1660795176//thumb/thumb0-%{width}x%{height}.jpg
f99b7c49c1c8472681987ac2d1ff87bc,48674,【中/Eng/日本語】要開心爬分 !小提琴 !SZ !VPN,2022-08-25T06:40:52Z,https://www.twitch.tv/videos/1571953991,https://static-cdn.jtvnw.net/cf_vods/d3vd9lfkzbru3h/7ad822a3ca3aea294744_restiafps_39599216279_1661409647//thumb/thumb0-%{width}x%{height}.jpg
2463286fd3154219afa631c73d178147,47369,【NOVOLETA project】金木啓那 KanagiKeina / _logue【Original Song】,2022-08-13T13:00:12Z,https://www.youtube.com/watch?v=jrfB-cQ06LI,https://i.ytimg.com/vi/jrfB-cQ06LI/mqdefault.jpg
f99b7c49c1c8472681987ac2d1ff87bc,47334,【中/Eng/日本語】CSO 14週年 全新團隊佔領戰! ft.KSP、杏仁咪嚕 !SZ !VPN,2022-08-12T13:01:49Z,https://www.twitch.tv/videos/1559746713,https://static-cdn.jtvnw.net/cf_vods/d3vd9lfkzbru3h/4cf04dd8962d40fee6ac_restiafps_39566215479_1660309302//thumb/thumb0-%{width}x%{height}.jpg
4b6b055ada4d4f0ab63b7ad02a3fa3ef,46421,【#Rumi3D】生日3DLIVE辛苦了🍰🎤【#雜談】｜Rumi/懶貓子,2022-08-14T17:39:38Z,https://www.youtube.com/watch?v=qIS6ljYq43U,https://i.ytimg.com/vi/qIS6ljYq43U/mqdefault.jpg
664e1b310cf343b78623f99b31e40fae,44194,邪神玩具大賞【迪鹿DeluCat】ft. 糜咔,2022-08-14T10:30:07Z,https://www.youtube.com/watch?v=YI2L9RohQrU,https://i.ytimg.com/vi/YI2L9RohQrU/mqdefault.jpg
7c06b9e316ce4ac18ce836cd72442bbe,43901,【官方精華】在床上的就是角度不一樣的壁咚【浠Mizuki Free Talk】,2022-08-14T11:30:04Z,https://www.youtube.com/watch?v=LsarVvxZ5cY,https://i.ytimg.com/vi/LsarVvxZ5cY/mqdefault.jpg
f99b7c49c1c8472681987ac2d1ff87bc,43463,2022 VCT 世界冠軍賽觀賽派對 掉寶開啟 Drops Enabled !午餐幫 !SZ !VPN,2022-08-31T14:10:40Z,https://www.twitch.tv/videos/1577873977,https://static-cdn.jtvnw.net/cf_vods/d3vd9lfkzbru3h/2c23ce9c831bd6e76931_restiafps_39627779111_1661955033//thumb/thumb0-%{width}x%{height}.jpg
5535c9524eb046c38e172ebfa06b302f,43201,🔴AR60 ASIA【#原神 / Genshin】3.0前瞻直播懶人包明天上架! 每週日健檢帳號&滷肉幫到你家! ▹璐洛洛◃,2022-08-14T18:22:51Z,https://www.youtube.com/watch?v=RqhbWoTYtjU,https://i.ytimg.com/vi/RqhbWoTYtjU/mqdefault.jpg
f99b7c49c1c8472681987ac2d1ff87bc,43077,【中/Eng/日本語】9:00桌遊模擬器 桌遊模擬器 ft. FICK、KSP、奶哥、油條、須多夜花 !SZ !VPN,2022-08-24T11:48:14Z,https://www.twitch.tv/videos/1571161138,https://static-cdn.jtvnw.net/cf_vods/d3vd9lfkzbru3h/0122215398bf66b3b168_restiafps_39596815207_1661341688//thumb/thumb0-%{width}x%{height}.jpg
7c06b9e316ce4ac18ce836cd72442bbe,42534,【合唱歌枠】一周年紀念合唱祭！20名以上豪華嘉賓陣容！【浠Mizuki 1st Anniversary Karaoke】,2022-08-28T17:21:08Z,https://www.youtube.com/watch?v=lFjpaw0sySU,https://i.ytimg.com/vi/lFjpaw0sySU/mqdefault.jpg
a02bb0332f5942ec892c932d6a089014,42090,你敢進我家，我叫我爸把你趕出去喔！【貝莉莓】,2022-08-12T09:15:00Z,https://www.youtube.com/watch?v=HByOA_kEvbU,https://i.ytimg.com/vi/HByOA_kEvbU/mqdefault.jpg
f99b7c49c1c8472681987ac2d1ff87bc,42006,【中/Eng/日本語】Rank with RPR and 9QOQ !午餐幫 !SZ !VPN,2022-08-30T06:00:14Z,https://www.twitch.tv/videos/1576714350,https://static-cdn.jtvnw.net/cf_vods/d3vd9lfkzbru3h/0450cd1ed08ef497822f_restiafps_39621303063_1661839207//thumb/thumb0-%{width}x%{height}.jpg
5535c9524eb046c38e172ebfa06b302f,41908,🔴AR60 ASIA【#原神 / Genshin】3.0須彌『提納里』代抽預約中! 每週日健檢帳號&滷肉幫到你家! ▹璐洛洛◃,2022-08-21T18:50:39Z,https://www.youtube.com/watch?v=-j9SinPAZmM,https://i.ytimg.com/vi/-j9SinPAZmM/mqdefault.jpg
e93bd1102e214cbaa71cc5b2e4a53595,41899,【初配信】降落！來自最遙遠的恆星✨ 【厄倫蒂兒．Vtuber】,2022-08-29T12:48:06Z,https://www.youtube.com/watch?v=pEdqeEIZYlc,https://i.ytimg.com/vi/pEdqeEIZYlc/mqdefault.jpg
a02bb0332f5942ec892c932d6a089014,41662,拜託不要再幫我配對了！【貝莉莓】,2022-08-09T09:04:26Z,https://www.youtube.com/watch?v=b1mhGLf92To,https://i.ytimg.com/vi/b1mhGLf92To/mqdefault.jpg
e93bd1102e214cbaa71cc5b2e4a53595,41581,シリウスの心臓／厄倫蒂兒 cover 【歌ってみた】,2022-08-22T12:00:12Z,https://www.youtube.com/watch?v=j1CSnbkGie0,https://i.ytimg.com/vi/j1CSnbkGie0/mqdefault.jpg
4b6b055ada4d4f0ab63b7ad02a3fa3ef,40724,【#家用3D】20萬訂閱倒計時歌粹!!【#歌粹】｜Rumi/懶貓子,2022-08-25T14:13:23Z,https://www.youtube.com/watch?v=LfGd0p3Nvyw,https://i.ytimg.com/vi/LfGd0p3Nvyw/mqdefault.jpg
1254f176d93548aca5ac7f4b53313f71,40336,有台v瓜 #抖音 #短视频  #shorts #shortsvtuber #抖音热门 #抖音歌曲 #抖音流行歌曲 #短視頻  #短影片  #短片分享  #廢片  #演算法 #shorts勢vtuber,2022-08-17T08:51:34Z,https://www.youtube.com/watch?v=zQNVNjnKmzc,https://i.ytimg.com/vi/zQNVNjnKmzc/mqdefault.jpg
f99b7c49c1c8472681987ac2d1ff87bc,40304,【中/Eng/日本語】週日深夜聊天台 !集氣 !SZ !VPN,2022-08-07T15:52:33Z,https://www.twitch.tv/videos/1555055229,https://static-cdn.jtvnw.net/cf_vods/d3vd9lfkzbru3h/cea69d739e2a0b665ec8_restiafps_39552904935_1659887545//thumb/thumb0-%{width}x%{height}.jpg
5535c9524eb046c38e172ebfa06b302f,40203,【原神研究室】柯萊角色全分析🌱▸官方玩梗的草安柏嚮導，免費取得的入門後台掛草副C，草雷武裝組隊思路？聖遺物/命座/天賦/武器 ▹璐洛洛◃,2022-09-01T14:30:15Z,https://www.youtube.com/watch?v=SLMFQdUDedI,https://i.ytimg.com/vi/SLMFQdUDedI/mqdefault.jpg
f99b7c49c1c8472681987ac2d1ff87bc,39996,【中/Eng/日本語】爬分爬到中午出門 !SZ !VPN,2022-08-29T01:15:41Z,https://www.twitch.tv/videos/1575634695,https://static-cdn.jtvnw.net/cf_vods/d3vd9lfkzbru3h/83854fc1aaa5eb0d0bc3_restiafps_39616321351_1661735734//thumb/thumb0-%{width}x%{height}.jpg
f99b7c49c1c8472681987ac2d1ff87bc,39517,【中/Eng/日本語】頂獵RK !SZ !VPN,2022-08-13T10:31:04Z,https://www.twitch.tv/videos/1560655851,https://static-cdn.jtvnw.net/cf_vods/d2nvs31859zcd8/f25cf448b52e980f20f8_restiafps_41113951931_1660386659//thumb/thumb0-%{width}x%{height}.jpg
c82ab1b4f8f64d1f84cae4ce09aa0dea,39479,【Bongo foxes】請問狐狸是一種樂器嗎？,2022-08-05T12:00:33Z,https://www.youtube.com/watch?v=dLcdN-Kqiyw,https://i.ytimg.com/vi/dLcdN-Kqiyw/mqdefault.jpg
5535c9524eb046c38e172ebfa06b302f,39123,🔴AR60 ASIA【#原神 / Genshin】鍾離&提納里代抽Part2! 圖奇掛台領30原石! 每週日健檢帳號&滷肉幫到你家! ▹璐洛洛◃,2022-08-28T18:54:19Z,https://www.youtube.com/watch?v=Eh4RWaUh86M,https://i.ytimg.com/vi/Eh4RWaUh86M/mqdefault.jpg
b4a1791208fd4d85b7b08ee2bad0c236,38500,SAY SO／Doja Cat (Japanese Version)｜cover by 瑪格麗特 · 諾爾絲 Margaret North ft.森森鈴蘭,2022-08-31T12:00:11Z,https://www.youtube.com/watch?v=Ehhd1Qcym7w,https://i.ytimg.com/vi/Ehhd1Qcym7w/mqdefault.jpg
f99b7c49c1c8472681987ac2d1ff87bc,38378,【中/Eng/日本語】究竟會不會被OWO放鳥呢? (第三次) !集氣 !SZ !VPN,2022-08-09T21:49:13Z,https://www.twitch.tv/videos/1557244753,https://static-cdn.jtvnw.net/cf_vods/d3vd9lfkzbru3h/b8f1118f69419d2e8f03_restiafps_39558723271_1660081746//thumb/thumb0-%{width}x%{height}.jpg
4b6b055ada4d4f0ab63b7ad02a3fa3ef,37162,【官方烤肉#21】久遠たま：用這個性感的身體跟我OO吧！｜生日3D LIVE｜Rumi/懶貓子,2022-08-20T05:00:10Z,https://www.youtube.com/watch?v=YguaraV7qq4,https://i.ytimg.com/vi/YguaraV7qq4/mqdefault.jpg
a51be890a1f443ea87bee45c9d8acf13,36848,【Na J】明天就九月了耶｜新貼圖  ^ↀᴥↀ^,2022-08-31T02:11:49Z,https://www.twitch.tv/videos/1577530626,https://static-cdn.jtvnw.net/cf_vods/d3vd9lfkzbru3h/2516f1e854b13cafdf64_kankona0616_39625199735_1661911901//thumb/thumb0-%{width}x%{height}.jpg
4b6b055ada4d4f0ab63b7ad02a3fa3ef,36816,【一周年紀念】愛言葉Ⅳ【歌ってみた】｜covered by Rumi懶貓子,2022-08-06T10:00:08Z,https://www.youtube.com/watch?v=1JGLMnfr67c,https://i.ytimg.com/vi/1JGLMnfr67c/mqdefault.jpg
5535c9524eb046c38e172ebfa06b302f,36212,🔴AR60 ASIA【#原神 / Genshin】滿命滿精宵宮來我家Part2! 每週日滷肉幫到你家! ▹璐洛洛◃,2022-08-07T19:00:38Z,https://www.youtube.com/watch?v=qanG6xg2Ttw,https://i.ytimg.com/vi/qanG6xg2Ttw/mqdefault.jpg
a3ce195c0069494c99849d0b1a10a7fd,36029,【#悠姊姊ASMR 11 -blue-】姊姊的朋友來了，一起哄你睡覺吧？ft. @Lutralutra Ch. 露恰露恰 ｜ #悠白 #Ubye #悠姊姊 #中文音聲 #ASMR #音聲,2022-08-28T14:52:35Z,https://www.youtube.com/watch?v=261LUPtCD4c,https://i.ytimg.com/vi/261LUPtCD4c/mqdefault.jpg
f99b7c49c1c8472681987ac2d1ff87bc,35279,【中/Eng/日本語】9點跟老大杏仁咪嚕玩好玩遊戲 !SZ !VPN,2022-08-19T11:09:41Z,https://www.twitch.tv/videos/1566343074,https://static-cdn.jtvnw.net/cf_vods/d3vd9lfkzbru3h/8b098f8683c35462b5b3_restiafps_39582385095_1660907376//thumb/thumb0-%{width}x%{height}.jpg
04d2ff1dde6b4bb68503a734274f4b7e,35254,【 情境式ASMR 6 】🎧低音御姊聲｜今晚，盡情的跟大姐姐撒嬌吧....,2022-08-16T15:22:28Z,https://www.youtube.com/watch?v=qUNjdgNoxNM,https://i.ytimg.com/vi/qUNjdgNoxNM/mqdefault.jpg
7c06b9e316ce4ac18ce836cd72442bbe,35156,【歌枠】13萬訂閱感謝復刻歌回！【浠Mizuki Karaoke】,2022-08-20T15:19:47Z,https://www.youtube.com/watch?v=Tp6D3cEZyPg,https://i.ytimg.com/vi/Tp6D3cEZyPg/mqdefault.jpg
7c06b9e316ce4ac18ce836cd72442bbe,33910,【官方精華】五星好平精華！ ft. Annin Miru / 15號 / 露恰 / Aoi / 麵音白湯【認知度默契大考驗連動】,2022-08-17T13:00:24Z,https://www.youtube.com/watch?v=fMls6Lxy4hU,https://i.ytimg.com/vi/fMls6Lxy4hU/mqdefault.jpg
5535c9524eb046c38e172ebfa06b302f,32955,🟣LIVE【#幻塔】洛洛的幻塔初體驗✨超香新衣裝發表！SSR武器歡樂100抽！▹璐洛洛◃,2022-08-11T13:57:51Z,https://www.youtube.com/watch?v=DanC0Fy6Ly8,https://i.ytimg.com/vi/DanC0Fy6Ly8/mqdefault.jpg
4b6b055ada4d4f0ab63b7ad02a3fa3ef,32487,【#一周年紀念】 真摯烤肉＆Call in！！！｜Rumi/懶貓子,2022-08-06T18:24:03Z,https://www.youtube.com/watch?v=g8VGgBaR9No,https://i.ytimg.com/vi/g8VGgBaR9No/mqdefault.jpg
e93bd1102e214cbaa71cc5b2e4a53595,32464,【來自最遙遠的恆星】 星屑ビーナス Hoshikuzu Venus 【厄倫蒂兒．Vtuber】#Shorts,2022-08-09T12:00:10Z,https://www.youtube.com/watch?v=5leoKFBFPeI,https://i.ytimg.com/vi/5leoKFBFPeI/mqdefault.jpg
04d2ff1dde6b4bb68503a734274f4b7e,32428,【ASMR 5 / 3Dio】🎧給每天都努力的你，睡不著的夜晚就讓溫柔姊姊幫你紓壓♡,2022-08-09T16:43:41Z,https://www.youtube.com/watch?v=ILUqnULp6zU,https://i.ytimg.com/vi/ILUqnULp6zU/mqdefault.jpg
5535c9524eb046c38e172ebfa06b302f,31543,🔴AR60 ASIA【#原神 / Genshin】海島活動歡樂一次肝，黃金周末還有40%好康活動!? 看直播抽Razer周邊唷! ▹璐洛洛◃,2022-08-12T18:37:28Z,https://www.youtube.com/watch?v=5cBUPf1LhwE,https://i.ytimg.com/vi/5cBUPf1LhwE/mqdefault.jpg
9d9c6477329245cbb2557895f4f15686,31511,08/21 晚上緹大膽 !週年慶,2022-08-21T04:40:09Z,https://www.twitch.tv/videos/1568145844,https://static-cdn.jtvnw.net/cf_vods/d3vd9lfkzbru3h/fbbd72a07038b7a8c52d_iitifox_39587513607_1661056802//thumb/thumb0-%{width}x%{height}.jpg
5535c9524eb046c38e172ebfa06b302f,31471,【幻塔】⭐8/11雙平台正式上市！免費領自選SSR & 永久載具！準備好來拯救世界囉！ ▹璐洛洛◃,2022-08-04T04:00:09Z,https://www.youtube.com/watch?v=XZNW6yauecQ,https://i.ytimg.com/vi/XZNW6yauecQ/mqdefault.jpg
7c06b9e316ce4ac18ce836cd72442bbe,31372,【連動】多語言傳話遊戲(多言語伝言ゲーム) ft.Rumi懶貓子/芦澤サキ/歐妲Olda/海唧HaiZ/阿爾姿Amrzs/Beimu Lakia唄姆‧拉奇亞【浠Mizuki】中文+日本語配信,2022-08-23T14:12:28Z,https://www.youtube.com/watch?v=i8GOac4BYjI,https://i.ytimg.com/vi/i8GOac4BYjI/mqdefault.jpg
4b6b055ada4d4f0ab63b7ad02a3fa3ef,31335,第一次見到BO鼠的感覺是。。。｜Rumi/懶貓子 #shorts,2022-08-12T09:24:16Z,https://www.youtube.com/watch?v=F39Iy0IjBdo,https://i.ytimg.com/vi/F39Iy0IjBdo/mqdefault.jpg
f6a4e7aa8d0c4e5cb39d199845ec4d02,31243,阿,2022-08-11T18:40:28Z,https://www.youtube.com/watch?v=XMuS1bGo1Gw,https://i.ytimg.com/vi/XMuS1bGo1Gw/mqdefault.jpg
7a88afc5eb644d76b35ed4ca968259bb,30551,"🍦 [ ASMR EAR Licking ] , 耳舐め , 酥麻的舔耳哄睡 💛 喘息、密閉音感、貓叫、囁聲 ...",2022-08-08T18:08:14Z,https://www.youtube.com/watch?v=4mSSQXOB84I,https://i.ytimg.com/vi/4mSSQXOB84I/mqdefault.jpg
7c06b9e316ce4ac18ce836cd72442bbe,30310,【新衣裝發布】一起穿新衣回家鄉❄【浠Mizuki 1st Anniversary】,2022-08-26T14:41:22Z,https://www.youtube.com/watch?v=kZbpEGtzyJs,https://i.ytimg.com/vi/kZbpEGtzyJs/mqdefault.jpg
7c06b9e316ce4ac18ce836cd72442bbe,29672,【連動配信】認知度默契大考驗！ ！ft. Annin Miru / 15號 / 露恰 / Aoi / 麵音白湯,2022-08-07T16:26:15Z,https://www.youtube.com/watch?v=RHSOxe4ahsI,https://i.ytimg.com/vi/RHSOxe4ahsI/mqdefault.jpg
f99b7c49c1c8472681987ac2d1ff87bc,29651,【中/Eng/日本語】日本比賽 KINOTROPE CUP ft.Zonda、杏仁咪嚕 !比賽 !SZ !VPN,2022-08-13T08:13:55Z,https://www.twitch.tv/videos/1560604507,https://static-cdn.jtvnw.net/cf_vods/d2nvs31859zcd8/9b5c491480594727cc9a_restiafps_41113428443_1660378430//thumb/thumb0-%{width}x%{height}.jpg
f6a4e7aa8d0c4e5cb39d199845ec4d02,29528,【#杏仁ミル新衣装】可愛x帥氣x性感x清純....天使臉龐惡魔身材蹦Q蹦,2022-08-07T12:39:08Z,https://www.youtube.com/watch?v=JTr5xgI3Czk,https://i.ytimg.com/vi/JTr5xgI3Czk/mqdefault.jpg
7c06b9e316ce4ac18ce836cd72442bbe,29430,【飲酒×生歌歌枠】邊乾杯邊清唱~！【浠Mizuki Karaoke】,2022-08-22T17:06:52Z,https://www.youtube.com/watch?v=CA6Lg5JYs18,https://i.ytimg.com/vi/CA6Lg5JYs18/mqdefault.jpg
f99b7c49c1c8472681987ac2d1ff87bc,29351,【中/Eng/日本語】用ZOTAC GeForce RTX 3060電玩機實況Apex! #NVIDIA Reflex #FramesWinGames #流暢度決定勝負 !電玩機 !SZ !VPN,2022-08-15T14:46:26Z,https://www.twitch.tv/videos/1562661417,https://static-cdn.jtvnw.net/cf_vods/d3vd9lfkzbru3h/c11cb0259b491cb84c01_restiafps_39572179943_1660574779//thumb/thumb0-%{width}x%{height}.jpg
a02bb0332f5942ec892c932d6a089014,28783,聊天室休想叫我給你們檢查內衣，休想！【貝莉莓】,2022-08-23T10:00:00Z,https://www.youtube.com/watch?v=-0d6XwOQQ8k,https://i.ytimg.com/vi/-0d6XwOQQ8k/mqdefault.jpg
f99b7c49c1c8472681987ac2d1ff87bc,28593,【中/Eng/日本語】跟KSP一起玩特戰英豪 Valorant !特戰英豪 !午餐幫 !SZ !VPN,2022-08-30T12:45:44Z,https://www.twitch.tv/videos/1576874432,https://static-cdn.jtvnw.net/cf_vods/d3vd9lfkzbru3h/a311a4432084ab949629_restiafps_39622828535_1661863539//thumb/thumb0-%{width}x%{height}.jpg
f99b7c49c1c8472681987ac2d1ff87bc,27970,【中/Eng/日本語】災難公關 ft.Mizuki、FICK、奶哥、須多夜花、油條 !SZ !VPN,2022-08-11T14:04:05Z,https://www.twitch.tv/videos/1558824536,https://static-cdn.jtvnw.net/cf_vods/d3vd9lfkzbru3h/d60114dc316e47c096b0_restiafps_39563666599_1660226640//thumb/thumb0-%{width}x%{height}.jpg
f6a4e7aa8d0c4e5cb39d199845ec4d02,27597,【七夕酒雜】不讓你睡...七夕陪咪嚕喝到掛嘛?,2022-08-04T22:23:29Z,https://www.youtube.com/watch?v=rtJ02RLpIVE,https://i.ytimg.com/vi/rtJ02RLpIVE/mqdefault.jpg
664e1b310cf343b78623f99b31e40fae,27556,爹地別打我之嘿~ARA~ARA【迪鹿精華】ft. @喵太NekoTa,2022-08-07T10:30:22Z,https://www.youtube.com/watch?v=vGQnthaPrPE,https://i.ytimg.com/vi/vGQnthaPrPE/mqdefault.jpg
7c06b9e316ce4ac18ce836cd72442bbe,27443,【歌枠】動物曲限定歌回 + 一周年告知事項【浠Mizuki Karaoke】,2022-08-27T15:16:12Z,https://www.youtube.com/watch?v=HD7k358E1XY,https://i.ytimg.com/vi/HD7k358E1XY/mqdefault.jpg
f18407d79b4b43ffa6adf629d1723a8f,26775,【歌回】不夜導遊遊覽車第二彈 !  每到夏天我要去海邊 ! Feat.  Sazki.ch  【不夜皇FuyaSumeragi・VTuber】,2022-08-21T12:58:39Z,https://www.youtube.com/watch?v=B6Ufd34-yI4,https://i.ytimg.com/vi/B6Ufd34-yI4/mqdefault.jpg
f99b7c49c1c8472681987ac2d1ff87bc,26570,【中/Eng/日本語】用ZOTAC GeForce RTX 3060電玩機實況Apex! #NVIDIA Reflex #FramesWinGames #流暢度決定勝負 !電玩機,2022-08-15T10:40:02Z,https://www.twitch.tv/videos/1562527400,https://static-cdn.jtvnw.net/cf_vods/d3vd9lfkzbru3h/4dce1f24c040a71f3e04_restiafps_39571328423_1660559994//thumb/thumb0-%{width}x%{height}.jpg
f99b7c49c1c8472681987ac2d1ff87bc,26537,【中/Eng/日本語】半夜麻將 ft.懶貓、老大、六希夫 !小提琴 !SZ !VPN,2022-08-25T17:23:20Z,https://www.twitch.tv/videos/1572289833,https://static-cdn.jtvnw.net/cf_vods/d3vd9lfkzbru3h/920f702c6bb6974db9bb_restiafps_39601916631_1661448193//thumb/thumb0-%{width}x%{height}.jpg
f99b7c49c1c8472681987ac2d1ff87bc,26462,【中/Eng/日本語】用ZOTAC GeForce RTX 3060電玩機實況Apex! #NVIDIA Reflex #FramesWinGames #流暢度決定勝負 !電玩機 !SZ !VPN,2022-08-15T12:41:00Z,https://www.twitch.tv/videos/1562585221,https://static-cdn.jtvnw.net/cf_vods/d3vd9lfkzbru3h/5abc9c165d9f10d543ca_restiafps_39571744071_1660567252//thumb/thumb0-%{width}x%{height}.jpg
7c06b9e316ce4ac18ce836cd72442bbe,26388,【歌枠】12萬訂閱感謝！伸縮自如的轉盤歌回 #ルーレット歌枠【浠Mizuki Karaoke】,2022-08-12T15:38:22Z,https://www.youtube.com/watch?v=0o8u6hgosw0,https://i.ytimg.com/vi/0o8u6hgosw0/mqdefault.jpg
8b027d3a3f374c9c8398b6dd751e5018,26321,💦比賽沒通知、不看聊天室、一分鐘延遲💦加班D12💕發發最後一天💕贈訂就可以抽獎、滿100份送手工巧克力💦ヘ| ´ω｀ |ﾉ｜!加班 !發發 !幫算經驗 !幫算全滿 !coda,2022-08-20T16:20:33Z,https://www.twitch.tv/videos/1567533486,https://static-cdn.jtvnw.net/cf_vods/d3vd9lfkzbru3h/69581f27e533598b0d94_lisheng_tw_39586547303_1661012424//thumb/thumb0-%{width}x%{height}.jpg
4b6b055ada4d4f0ab63b7ad02a3fa3ef,26315,【官方烤肉#23】收到了Rumily送的生日禮物，感受到滿滿的愛！但是用這個絕對會被認出來啦！｜Rumi/懶貓子,2022-08-29T13:12:58Z,https://www.youtube.com/watch?v=wuf2ogdnUsc,https://i.ytimg.com/vi/wuf2ogdnUsc/mqdefault.jpg
7c06b9e316ce4ac18ce836cd72442bbe,26235,【官方精華】小浠口嚼酒...先不要...【浠Mizuki 酒雜精華】,2022-08-25T11:30:06Z,https://www.youtube.com/watch?v=FPNBJIIObgk,https://i.ytimg.com/vi/FPNBJIIObgk/mqdefault.jpg
4b6b055ada4d4f0ab63b7ad02a3fa3ef,25532,【#雜談】生日禮物開封🍰🎁✨｜Rumi/懶貓子,2022-08-15T16:45:00Z,https://www.youtube.com/watch?v=2-twXev1E5E,https://i.ytimg.com/vi/2-twXev1E5E/mqdefault.jpg
1c5619a4ece046dd8ba68ed343489ca3,25144,李聽被巧克力告白了🥰這不是懲罰，百萬Youtuber好像喜歡我❗《糖豆人實況主挑戰賽-Vtuber》@巧克力,2022-08-21T12:38:51Z,https://www.youtube.com/watch?v=6GXym-hdv68,https://i.ytimg.com/vi/6GXym-hdv68/mqdefault.jpg
7c06b9e316ce4ac18ce836cd72442bbe,24714,【歌枠】HoneyWorks限定歌回！元氣滿滿！【浠Mizuki Karaoke】,2022-08-06T16:03:44Z,https://www.youtube.com/watch?v=3QKdF9ESsJw,https://i.ytimg.com/vi/3QKdF9ESsJw/mqdefault.jpg
9e64bba43928414884503de36f805c48,24552,8/20 | 比賽!!!延遲一分鐘!通知音效全關不看聊天室 !主台 !比賽 6/19~8/20 生日加班台 !加班 !紋紋證交所 !股票 !YT,2022-08-20T16:20:59Z,https://www.twitch.tv/videos/1567533820,https://static-cdn.jtvnw.net/cf_vods/d3vd9lfkzbru3h/f9ffbb913e6691a5a8b2_wen620_39586548375_1661012452//thumb/thumb0-%{width}x%{height}.jpg
4b6b055ada4d4f0ab63b7ad02a3fa3ef,24396,【#怪物彈珠】ONEPIECE連動抽卡！！！✨✨｜Rumi/懶貓子,2022-08-21T13:29:31Z,https://www.youtube.com/watch?v=ndzCk9EkKLQ,https://i.ytimg.com/vi/ndzCk9EkKLQ/mqdefault.jpg
f6a4e7aa8d0c4e5cb39d199845ec4d02,24334,當咪嚕變成小蘿莉...觀眾全部入獄的故事🚨【杏仁ミル雜談精華】,2022-08-21T07:00:02Z,https://www.youtube.com/watch?v=BYM1Aml0xtk,https://i.ytimg.com/vi/BYM1Aml0xtk/mqdefault.jpg
4b6b055ada4d4f0ab63b7ad02a3fa3ef,24261,【#Rumi3D】看屁股的人罰款一百萬元！ #shorts｜Rumi/懶貓子,2022-08-22T08:00:26Z,https://www.youtube.com/watch?v=s9hOrI3ul1I,https://i.ytimg.com/vi/s9hOrI3ul1I/mqdefault.jpg
e17f42aa104040deae2ee3f3b1e85ed8,23868,【肉肉薔蒔】 0818,2022-08-18T05:26:45Z,https://www.twitch.tv/videos/1565279642,https://static-cdn.jtvnw.net/cf_vods/d3vd9lfkzbru3h/101a8f92ebfe17ef045f_aishakumo_39578839255_1660800398//thumb/thumb0-%{width}x%{height}.jpg
265a18972d244affae35711cfd1f9931,23683,🐙3萬訂閱慶祝加班台#7🐙突破4.69囉!!今日流程 吃飯 畫頭貼 整理家裡 運動 深夜工作 (加班規則看資訊區)【MiroLive/塔芭絲可】,2022-08-25T17:23:45Z,https://www.youtube.com/watch?v=k05QDaAfyLs,https://i.ytimg.com/vi/k05QDaAfyLs/mqdefault.jpg
e93bd1102e214cbaa71cc5b2e4a53595,23496,【歌枠】２次會💫輕鬆唱唱  【厄倫蒂兒．Vtuber】,2022-08-29T14:28:10Z,https://www.youtube.com/watch?v=GsG6hS5bOsA,https://i.ytimg.com/vi/GsG6hS5bOsA/mqdefault.jpg
5535c9524eb046c38e172ebfa06b302f,23291,【原神】大佬來開秀29🎯▸滿命魈急速12秒！藏鏡仕女一下就『啪，沒了！』武器面板與聖遺物展示 ▹璐洛洛◃,2022-08-23T13:40:08Z,https://www.youtube.com/watch?v=v4JYECuLBPM,https://i.ytimg.com/vi/v4JYECuLBPM/mqdefault.jpg
7c06b9e316ce4ac18ce836cd72442bbe,23242,【RuMizuki連動】不能見面就來一場雲端的約會吧！ @Rumi ch. 懶貓子  & 浠Mizuki,2022-08-18T15:11:26Z,https://www.youtube.com/watch?v=0oC6CYBnL6o,https://i.ytimg.com/vi/0oC6CYBnL6o/mqdefault.jpg
f99b7c49c1c8472681987ac2d1ff87bc,23221,【中/Eng/日本語】2:00 SoulZ大賽 !比賽 !SZ !VPN,2022-08-20T04:55:19Z,https://www.twitch.tv/videos/1567175784,https://static-cdn.jtvnw.net/cf_vods/d3vd9lfkzbru3h/4bac54c81dda176138b2_restiafps_39584515623_1660971312//thumb/thumb0-%{width}x%{height}.jpg
7c06b9e316ce4ac18ce836cd72442bbe,22853,【合唱歌枠】一周年紀念合唱祭！20名以上豪華嘉賓陣容！【浠Mizuki 1st Anniversary Karaoke】!dc、!周邊、!斗內、!YT、!推特、!點歌、!投票,2022-08-28T12:57:32Z,https://www.twitch.tv/videos/1575035469,https://static-cdn.jtvnw.net/cf_vods/d3vd9lfkzbru3h/b37d7209765f9404100c_mizukimilk723_39614207703_1661691446//thumb/thumb0-%{width}x%{height}.jpg
04d2ff1dde6b4bb68503a734274f4b7e,22435,【 ASMR酒雜 】聲音的饗宴 | 挑戰你耳朵的極限敏感度♡,2022-08-25T16:27:00Z,https://www.youtube.com/watch?v=l6KBXulS4Y0,https://i.ytimg.com/vi/l6KBXulS4Y0/mqdefault.jpg
7c06b9e316ce4ac18ce836cd72442bbe,22400,【飲酒雑談】給辛苦的你 用3DIO酒雜應該不會收到打嗝聲吧？【浠Mizuki Free Talk × ASMR】,2022-08-08T18:17:58Z,https://www.youtube.com/watch?v=G3_cmNxg5No,https://i.ytimg.com/vi/G3_cmNxg5No/mqdefault.jpg
c41044006a014ed28107f33221a7de98,22372,【BOOK☆WALKER】妳這個狐狸精,2022-08-20T11:47:09Z,https://www.youtube.com/watch?v=hiZ4FHXZ_J8,https://i.ytimg.com/vi/hiZ4FHXZ_J8/mqdefault.jpg
5535c9524eb046c38e172ebfa06b302f,22356,【原神研究室】2.8金蘋果群島攻略🔥▸8分鐘看完16海螺全蒐集，3個『錯位的海螺』解謎，超搞笑の愚人眾『溯及既往』 ▹璐洛洛◃,2022-08-12T07:00:14Z,https://www.youtube.com/watch?v=sGnxXeLIHVE,https://i.ytimg.com/vi/sGnxXeLIHVE/mqdefault.jpg
f99b7c49c1c8472681987ac2d1ff87bc,22314,【中/Eng/日本語】STB斜咖團練 !SZ !VPN,2022-08-16T12:19:16Z,https://www.twitch.tv/videos/1563525016,https://static-cdn.jtvnw.net/cf_vods/d3vd9lfkzbru3h/c88e2340ec539173d59a_restiafps_39574354935_1660652348//thumb/thumb0-%{width}x%{height}.jpg
4b6b055ada4d4f0ab63b7ad02a3fa3ef,22118,【官方烤肉#22】3D LIVE 未公開的影片！完全是充滿各種執著的舞台！｜生日3D LIVE｜Rumi/懶貓子,2022-08-23T07:00:03Z,https://www.youtube.com/watch?v=F1MopUrMcNk,https://i.ytimg.com/vi/F1MopUrMcNk/mqdefault.jpg
4b6b055ada4d4f0ab63b7ad02a3fa3ef,22104,【#Rumi3D】你看起來很好吃...♡｜Rumi/懶貓子,2022-08-18T09:38:08Z,https://www.youtube.com/watch?v=rb6d4wbJyno,https://i.ytimg.com/vi/rb6d4wbJyno/mqdefault.jpg
e17f42aa104040deae2ee3f3b1e85ed8,22051,【肉肉薔蒔】 0816 打到死 發發集氣挑戰開始ㄌ! 勾勾過惹! 現在是勾勾肉!,2022-08-16T08:53:04Z,https://www.twitch.tv/videos/1563438259,https://static-cdn.jtvnw.net/cf_vods/d3vd9lfkzbru3h/06f012677a9d32e80535_aishakumo_39573755191_1660639977//thumb/thumb0-%{width}x%{height}.jpg
1254f176d93548aca5ac7f4b53313f71,22035,我刪掉了作業共享群 終於... #抖音 #短视频  #shorts #shortsvtuber #抖音热门   #短片分享  #廢片 #演算法 #shorts勢vtuber,2022-08-23T06:50:26Z,https://www.youtube.com/watch?v=0jbRTw2CI9E,https://i.ytimg.com/vi/0jbRTw2CI9E/mqdefault.jpg
fd6a0236861940389e15ef85b16c6069,21985,【Cult of the Lamb】睡到剛剛... 繼續邪教羊 ♡｜二周年周邊開放預購中｜!發發!周邊 !入羊教｜8/12,2022-08-13T13:40:19Z,https://www.twitch.tv/videos/1560754503,https://static-cdn.jtvnw.net/cf_vods/d2nvs31859zcd8/f9660646c3d9c6d3b742_hennie2001_41114783595_1660398014//thumb/thumb0-%{width}x%{height}.jpg
664e1b310cf343b78623f99b31e40fae,21961,迪鹿開大車💥 #戰車世界 #WOTPC,2022-08-06T11:19:48Z,https://www.youtube.com/watch?v=B20XKR-Y2ms,https://i.ytimg.com/vi/B20XKR-Y2ms/mqdefault.jpg
f6a4e7aa8d0c4e5cb39d199845ec4d02,21850,巴拉哩拉巴耶,2022-08-16T16:18:48Z,https://www.youtube.com/watch?v=imilm6pIjLE,https://i.ytimg.com/vi/imilm6pIjLE/mqdefault.jpg
5535c9524eb046c38e172ebfa06b302f,21844,【悠久之樹】🤟纯正王道幻想RPG遊戲！新手必知快速上手3大屬性，透漏給你開服必抽的2隻超強SSR角色! ▹璐洛洛◃,2022-08-10T13:00:14Z,https://www.youtube.com/watch?v=9Y8fLHGj32g,https://i.ytimg.com/vi/9Y8fLHGj32g/mqdefault.jpg
f18407d79b4b43ffa6adf629d1723a8f,21833,【台詞企劃回】土味情話 ! 講的你臉紅心跳 !【不夜皇FuyaSumeragi・VTuber】,2022-08-14T15:37:16Z,https://www.youtube.com/watch?v=bx8Ruh95QXA,https://i.ytimg.com/vi/bx8Ruh95QXA/mqdefault.jpg
f99b7c49c1c8472681987ac2d1ff87bc,21462,【中/Eng/日本語】小提琴挑戰 挑戰完了再看看要幹什麼 !SZ !VPN,2022-08-25T04:12:32Z,https://www.twitch.tv/videos/1571890197,https://static-cdn.jtvnw.net/cf_vods/d3vd9lfkzbru3h/7797d588cd72993a6190_restiafps_39598833159_1661400747//thumb/thumb0-%{width}x%{height}.jpg
265a18972d244affae35711cfd1f9931,21399,🐙TAKO1921生日🐙今天的我1921歲啦!!!好像有超多超重大消息要公布的!!快來【MiroLive/塔芭絲可】,2022-08-08T11:07:37Z,https://www.youtube.com/watch?v=huAyM059G_o,https://i.ytimg.com/vi/huAyM059G_o/mqdefault.jpg
4b6b055ada4d4f0ab63b7ad02a3fa3ef,21269,【#Rumi3D】Jugemu Jugemu dance！ #shorts ｜Rumi/幼貓子,2022-08-16T00:00:41Z,https://www.youtube.com/watch?v=dU-t123n7q8,https://i.ytimg.com/vi/dU-t123n7q8/mqdefault.jpg
04d2ff1dde6b4bb68503a734274f4b7e,21072,【 情境式ASMR 7 】🎧友達以上，戀人未滿 | 與姐姐一起享受睡前時光♡,2022-08-24T15:12:37Z,https://www.youtube.com/watch?v=Cd9VgTQoTQ8,https://i.ytimg.com/vi/Cd9VgTQoTQ8/mqdefault.jpg
265a18972d244affae35711cfd1f9931,20662,🐙3萬訂閱慶祝加班台#3🐙今日流程 吃飯 工作 整理家裡 練習排球(加班規則看資訊區)【MiroLive/塔芭絲可】,2022-08-23T15:56:43Z,https://www.youtube.com/watch?v=9G6H-Qc1L5g,https://i.ytimg.com/vi/9G6H-Qc1L5g/mqdefault.jpg
9d9c6477329245cbb2557895f4f15686,20575,08/29 晚餐時間♪ 8點緹大膽繼續保護皮皮BB小魚,2022-08-29T10:26:57Z,https://www.twitch.tv/videos/1575881142,https://static-cdn.jtvnw.net/cf_vods/d3vd9lfkzbru3h/fbae298b3f0a6a7a5d63_iitifox_39617793879_1661768810//thumb/thumb0-%{width}x%{height}.jpg
ea4c1a67c2e445ad8028768616ceb659,20458,【大富翁4！】充滿心結的合作？到底誰會最先破產ㄋ！洛可洛斯特 FT.浠Mizuki、麵音白湯、海唧,2022-08-03T18:56:28Z,https://www.youtube.com/watch?v=XnJang9bYKc,https://i.ytimg.com/vi/XnJang9bYKc/mqdefault.jpg
5535c9524eb046c38e172ebfa06b302f,20065,【原神】🍁2.8萬葉代抽精華▸找小鹿的表姊鹿野奈奈抽萬葉484搞錯什麼？影片最後還有鬼之琴手帶來の音樂饗宴哦！ ▹璐洛洛◃,2022-08-05T13:30:13Z,https://www.youtube.com/watch?v=ug8ty4g9QKA,https://i.ytimg.com/vi/ug8ty4g9QKA/mqdefault.jpg
a02bb0332f5942ec892c932d6a089014,19862,這bubble不多說了啦，沒下這個bubble可是贏不了的喔！【貝莉莓】,2022-08-05T10:00:43Z,https://www.youtube.com/watch?v=vlxJJFDwZK8,https://i.ytimg.com/vi/vlxJJFDwZK8/mqdefault.jpg
a02bb0332f5942ec892c932d6a089014,19697,什麼！居然有人不知道我學妹阿法唱的沙漠駱駝！【貝莉莓】,2022-08-19T09:30:06Z,https://www.youtube.com/watch?v=gtpDMtlw5uE,https://i.ytimg.com/vi/gtpDMtlw5uE/mqdefault.jpg
9e64bba43928414884503de36f805c48,19494,8/14 | 團練起來!! 快要... !比賽 6/19~8/14 生日加班台 !加班 !紋紋證交所 !股票 !YT,2022-08-14T08:02:54Z,https://www.twitch.tv/videos/1561549456,https://static-cdn.jtvnw.net/cf_vods/d3vd9lfkzbru3h/d4fa263ea2decac4c844_wen620_39568265767_1660464167//thumb/thumb0-%{width}x%{height}.jpg
a02bb0332f5942ec892c932d6a089014,19468,大哥！你看到了嗎，我學會情勒了！【貝莉莓】,2022-08-26T09:00:09Z,https://www.youtube.com/watch?v=ItYPA2Pw8aY,https://i.ytimg.com/vi/ItYPA2Pw8aY/mqdefault.jpg
fd6a0236861940389e15ef85b16c6069,19455,看轉播～晚點玩邪教羊 ♡｜二周年周邊開放預購中｜!發發!周邊｜8/11,2022-08-12T11:15:54Z,https://www.twitch.tv/videos/1559691576,https://static-cdn.jtvnw.net/cf_vods/d3vd9lfkzbru3h/0fdb7cea2616de9ba03a_hennie2001_39565822791_1660302949//thumb/thumb0-%{width}x%{height}.jpg
f18407d79b4b43ffa6adf629d1723a8f,19329,【復活歌回】不夜的懷舊老歌大車隊上車囉！【不夜皇FuyaSumeragi・VTuber】,2022-08-03T13:30:15Z,https://www.youtube.com/watch?v=V8RVgl-j8CQ,https://i.ytimg.com/vi/V8RVgl-j8CQ/mqdefault.jpg
9d9c6477329245cbb2557895f4f15686,19329,08/12 邪教羊！今晚八點迷你世界 周邊開賣♡♡♡ !週年慶,2022-08-12T06:42:51Z,https://www.twitch.tv/videos/1559591882,https://static-cdn.jtvnw.net/cf_vods/d3vd9lfkzbru3h/15c4341257050ed9cbfd_iitifox_39565186679_1660286563//thumb/thumb0-%{width}x%{height}.jpg
8b027d3a3f374c9c8398b6dd751e5018,19155,💕加班D14💕玩後室 ft. EPO 庫庫雷 咪捏｜冠軍了 謝謝PY隊友 💦ヘ| ´ω｀ |ﾉ｜!加班 !coda,2022-08-22T13:57:49Z,https://www.twitch.tv/videos/1569335706,https://static-cdn.jtvnw.net/cf_vods/d3vd9lfkzbru3h/519d04fc5f294ea0493c_lisheng_tw_39591716423_1661176660//thumb/thumb0-%{width}x%{height}.jpg
f99b7c49c1c8472681987ac2d1ff87bc,19141,【中/Eng/日本語】半夜打麻將 !SZ !VPN,2022-08-19T17:27:58Z,https://www.twitch.tv/videos/1566585260,https://static-cdn.jtvnw.net/cf_vods/d3vd9lfkzbru3h/b15b2424d033a18d6490_restiafps_39583604055_1660930072//thumb/thumb0-%{width}x%{height}.jpg
7c06b9e316ce4ac18ce836cd72442bbe,19073,【未吃未踏vol.1】日本網友推薦下酒菜試吃 ~全家Fami篇~【浠Mizuki Eat Eat】,2022-08-19T16:40:57Z,https://www.youtube.com/watch?v=zhN9omrBjKM,https://i.ytimg.com/vi/zhN9omrBjKM/mqdefault.jpg
7c06b9e316ce4ac18ce836cd72442bbe,18988,【飲酒雑談】我回來了！大家假日去哪玩~？【浠Mizuki Free Talk】,2022-08-15T17:00:45Z,https://www.youtube.com/watch?v=lOe0JA3orXQ,https://i.ytimg.com/vi/lOe0JA3orXQ/mqdefault.jpg
5535c9524eb046c38e172ebfa06b302f,18944,【原神研究室】2.8金蘋果群島攻略(危危島篇)🔥▸正因其徒勞、莫娜時間島蒐集8個星核、4元素方碑怎麼解? 四礁覓寶記，4個華麗寶箱、原石速拿作業懶人包! ▹璐洛洛◃,2022-08-18T13:30:11Z,https://www.youtube.com/watch?v=5XzdIxVz9E8,https://i.ytimg.com/vi/5XzdIxVz9E8/mqdefault.jpg
5535c9524eb046c38e172ebfa06b302f,18761,【原神研究室】2.8海島幻境🔥莫娜篇▸20分鐘看完19個寶箱+1海螺全蒐集！ 幻境解謎流程超濃縮懶人包！加碼主線劇情最後3個晶核快速解謎，金蘋果群島Day5 - 『亙古的蒼星』 ▹璐洛洛◃,2022-08-10T13:30:12Z,https://www.youtube.com/watch?v=dmikNVy0Hb8,https://i.ytimg.com/vi/dmikNVy0Hb8/mqdefault.jpg
4b6655120fbd4431a8f7894cac4a4d49,18743,ASMR 助眠 KU100｜100%讓主人愛上療癒的女僕ちゃん｜Oil Massage Ear Massage｜耳かき オイルマッサージ  吐息【Healing希靈/VTuber】,2022-08-19T16:32:47Z,https://www.youtube.com/watch?v=_LMCvJZLmYE,https://i.ytimg.com/vi/_LMCvJZLmYE/mqdefault.jpg
5535c9524eb046c38e172ebfa06b302f,18706,🟢LIVE【19萬訂閱感謝+3周年特別直播】終極洛粉大考驗！誰才是最鐵最了解洛洛的滷肉肉呢？ ▹璐洛洛◃,2022-08-27T16:35:00Z,https://www.youtube.com/watch?v=A2ZdZ_BrXGc,https://i.ytimg.com/vi/A2ZdZ_BrXGc/mqdefault.jpg
4b6b055ada4d4f0ab63b7ad02a3fa3ef,18570,【#原神】#提納里 #柯萊 登場！抽卡PK！！！ft.BOSS #１９｜Rumi/懶貓子,2022-08-26T14:40:09Z,https://www.youtube.com/watch?v=R3qM8CwUED8,https://i.ytimg.com/vi/R3qM8CwUED8/mqdefault.jpg
7a88afc5eb644d76b35ed4ca968259bb,18540,"【ASMR💛APEX】Ear licking, 舔耳, 耳舐め, ! 1st紀念週邊預購中.. #asmr",2022-08-03T16:55:49Z,https://www.youtube.com/watch?v=2zSTBJL_6ho,https://i.ytimg.com/vi/2zSTBJL_6ho/mqdefault.jpg
5535c9524eb046c38e172ebfa06b302f,18520,🟣LIVE【#幻塔】20000顆墨晶大爆抽！訓練+遺跡探索+解謎！✨滷肉幫揪團出遊洛！▹璐洛洛◃,2022-08-15T14:02:52Z,https://www.youtube.com/watch?v=loMgr0ho9fQ,https://i.ytimg.com/vi/loMgr0ho9fQ/mqdefault.jpg
7c06b9e316ce4ac18ce836cd72442bbe,18497,【飲酒×生歌歌枠】邊乾杯邊清唱~！【浠Mizuki Karaoke】!dc、!周邊、!斗內、!YT、!推特、!點歌、!投票,2022-08-22T12:58:00Z,https://www.twitch.tv/videos/1569299451,https://static-cdn.jtvnw.net/cf_vods/d3vd9lfkzbru3h/8d1d3dd0271706c2c822_mizukimilk723_39591483639_1661173073//thumb/thumb0-%{width}x%{height}.jpg
4b6655120fbd4431a8f7894cac4a4d49,18466,ASMR 不助眠 ｜刺激顱內高潮不斷 溫熱舌尖｜ Ear Eating Oil Massage｜オイルマッサージ 吐息【Healing希靈/VTuber】,2022-08-10T17:55:30Z,https://www.youtube.com/watch?v=_WYNc81pLwE,https://i.ytimg.com/vi/_WYNc81pLwE/mqdefault.jpg
9d9c6477329245cbb2557895f4f15686,18375,【初配信】♡♡♡好緊張吶♡♡♡,2022-08-08T11:13:19Z,https://www.twitch.tv/videos/1555814675,https://static-cdn.jtvnw.net/cf_vods/d3vd9lfkzbru3h/577b509657d8ab05eda0_iitifox_39554625079_1659957192//thumb/thumb0-%{width}x%{height}.jpg
9e64bba43928414884503de36f805c48,18307,8/8 | 快要DBD比賽了 6/19~8/8 生日加班台 !加班 !紋紋證交所 !股票 !YT,2022-08-08T12:01:26Z,https://www.twitch.tv/videos/1555836768,https://static-cdn.jtvnw.net/cf_vods/d3vd9lfkzbru3h/12103a038427ac26d2a3_wen620_39554794791_1659960081//thumb/thumb0-%{width}x%{height}.jpg
5c7beefaa54444e3b0443d7abd93c1f7,18185,幫我看中共打過來了沒 看咱们祖国到底有没有做事【戶外飛彈觀察ASMR】,2022-08-03T07:46:43Z,https://www.youtube.com/watch?v=Dq9h7f5uUd0,https://i.ytimg.com/vi/Dq9h7f5uUd0/mqdefault.jpg
9e64bba43928414884503de36f805c48,18172,8/12 | 快要... 6/19~8/12 生日加班台 !加班 !紋紋證交所 !股票 !YT,2022-08-12T10:54:03Z,https://www.twitch.tv/videos/1559681253,https://static-cdn.jtvnw.net/cf_vods/d3vd9lfkzbru3h/f290788a4a8dbde6f008_wen620_39565746327_1660301637//thumb/thumb0-%{width}x%{height}.jpg
7c06b9e316ce4ac18ce836cd72442bbe,17851,【連動】混沌人群？的桌遊模擬器 ft. FICK/KSP/奶哥/Restia/油條/須多夜花【浠Mizuki】,2022-08-24T16:55:09Z,https://www.youtube.com/watch?v=-JrVgppO5q8,https://i.ytimg.com/vi/-JrVgppO5q8/mqdefault.jpg
9d9c6477329245cbb2557895f4f15686,17848,08/24 下雨天了怎麼辦 !週年慶,2022-08-24T08:22:42Z,https://www.twitch.tv/videos/1571078024,https://static-cdn.jtvnw.net/cf_vods/d3vd9lfkzbru3h/9e29f2f5e757ad5217d7_iitifox_39596218215_1661329355//thumb/thumb0-%{width}x%{height}.jpg
5535c9524eb046c38e172ebfa06b302f,17743,【原神】海島活動直播精華▸帶帶洛洛這個60等的大萌新😝不要搶船RRR！神運觀眾連續中獎3次?! ▹璐洛洛◃,2022-08-27T13:30:13Z,https://www.youtube.com/watch?v=8GkcpAg0-Tc,https://i.ytimg.com/vi/8GkcpAg0-Tc/mqdefault.jpg
7c06b9e316ce4ac18ce836cd72442bbe,17733,【活動一周年記念】はなればなれの君へ / 浠Mizuki【歌ってみた】,2022-08-27T12:00:10Z,https://www.youtube.com/watch?v=vhhsKy11ZiY,https://i.ytimg.com/vi/vhhsKy11ZiY/mqdefault.jpg
f6a4e7aa8d0c4e5cb39d199845ec4d02,17601,下午隨便亂唱(｡∀°）,2022-08-28T09:39:10Z,https://www.youtube.com/watch?v=2NLBwV2iFf8,https://i.ytimg.com/vi/2NLBwV2iFf8/mqdefault.jpg
9d9c6477329245cbb2557895f4f15686,17508,"08/16 時間過好快~看了下自己的等級跟封號燃起要認真練等的我,快來玩迷你世界!",2022-08-16T17:34:12Z,https://www.twitch.tv/videos/1563738120,https://static-cdn.jtvnw.net/cf_vods/d3vd9lfkzbru3h/24aaf5eef8125f91af23_iitifox_39575245639_1660671245//thumb/thumb0-%{width}x%{height}.jpg
9e64bba43928414884503de36f805c48,17210,8/10 | 快要... 6/19~8/10 生日加班台 !加班 !紋紋證交所 !股票 !YT,2022-08-10T12:02:44Z,https://www.twitch.tv/videos/1557774351,https://static-cdn.jtvnw.net/cf_vods/d3vd9lfkzbru3h/4cf454c824660406a725_wen620_39560316215_1660132957//thumb/thumb0-%{width}x%{height}.jpg
f6a4e7aa8d0c4e5cb39d199845ec4d02,17113,中文情歌限定歌回😢會哭的那種歌單【杏仁ミル】,2022-08-21T13:54:08Z,https://www.youtube.com/watch?v=Q__uriSHuvg,https://i.ytimg.com/vi/Q__uriSHuvg/mqdefault.jpg
04d2ff1dde6b4bb68503a734274f4b7e,16899,【酒雜ASMR】想要有你陪伴飲酒的微醺夜晚....( & Blue Yeti X ),2022-08-11T16:26:55Z,https://www.youtube.com/watch?v=mObZe4E3tLI,https://i.ytimg.com/vi/mObZe4E3tLI/mqdefault.jpg
423dd7da92be47f4af7273c5f74efb27,16517,Fei. 小小菲初配信 ♡♡♡ | !活動 !比賽 !VPN | 8/14,2022-08-14T04:00:02Z,https://www.twitch.tv/videos/1561431597,https://static-cdn.jtvnw.net/cf_vods/d3vd9lfkzbru3h/cd9c77f033ecb12d0614_fei_z_39567715671_1660449597//thumb/thumb0-%{width}x%{height}.jpg
5535c9524eb046c38e172ebfa06b302f,16420,🔴AR60 ASIA【#原神 / Genshin】鍾離&提納里代抽Part2! 圖奇掛台領30原石! 每週日健檢帳號&滷肉幫到你家! ▹璐洛洛◃,2022-08-28T11:23:08Z,https://www.twitch.tv/videos/1574983896,https://static-cdn.jtvnw.net/cf_vods/d3vd9lfkzbru3h/796155cf35bfdac8ad90_ruroroisme_39613753831_1661685778//thumb/thumb0-%{width}x%{height}.jpg
f99b7c49c1c8472681987ac2d1ff87bc,16405,【中/Eng/日本語】RK爬排名 !SZ !VPN,2022-08-18T02:38:21Z,https://www.twitch.tv/videos/1565178116,https://static-cdn.jtvnw.net/cf_vods/d3vd9lfkzbru3h/aa1f32312f856ecf1c99_restiafps_39578560919_1660790293//thumb/thumb0-%{width}x%{height}.jpg
04d2ff1dde6b4bb68503a734274f4b7e,16197,【 情境式ASMR 8 】🎧今天讓姊姊來幫你洗髮紓壓好嗎♡,2022-08-30T15:37:18Z,https://www.youtube.com/watch?v=UusBqaiqEZk,https://i.ytimg.com/vi/UusBqaiqEZk/mqdefault.jpg
8b027d3a3f374c9c8398b6dd751e5018,16175,加班D4💕發發活動💕贈訂就可以抽獎💦問心無愧ヘ| ´ω｀ |ﾉ｜!加班 !發發 !幫算經驗 !X調查 !小圈圈,2022-08-11T11:04:19Z,https://www.twitch.tv/videos/1558725612,https://static-cdn.jtvnw.net/cf_vods/d3vd9lfkzbru3h/66ae8d52a67904cf999e_lisheng_tw_39563004519_1660215849//thumb/thumb0-%{width}x%{height}.jpg
8b027d3a3f374c9c8398b6dd751e5018,16075,加班D6💕發發活動💕贈訂就可以抽獎💦ヘ| ´ω｀ |ﾉ｜!加班 !發發 !幫算經驗 !幫算全滿 !X調查 !小圈圈 !寶貝,2022-08-13T11:05:26Z,https://www.twitch.tv/videos/1560670625,https://static-cdn.jtvnw.net/cf_vods/d2nvs31859zcd8/8aa053b3b98e5976224b_lisheng_tw_41114093339_1660388717//thumb/thumb0-%{width}x%{height}.jpg
5535c9524eb046c38e172ebfa06b302f,16053,🔴【Apex Legend】忙一下怎麼就賽季末了😱希望讓自己上個小小的白金! ▹璐洛洛◃,2022-08-06T19:05:03Z,https://www.youtube.com/watch?v=4si-epnJA9k,https://i.ytimg.com/vi/4si-epnJA9k/mqdefault.jpg
9d9c6477329245cbb2557895f4f15686,16050,08/18 晚上好>u< !週年慶,2022-08-18T11:03:27Z,https://www.twitch.tv/videos/1565400438,https://static-cdn.jtvnw.net/cf_vods/d3vd9lfkzbru3h/ce94246890a648de155d_iitifox_39579584743_1660820599//thumb/thumb0-%{width}x%{height}.jpg
f6a4e7aa8d0c4e5cb39d199845ec4d02,15904,FPS老屁股決戰聊天室指揮官！有輸過沒怕過！瑞斯提亞打10個咪嚕跟KSP在旁邊笑就好ft.Restia、KSP,2022-08-12T15:30:45Z,https://www.youtube.com/watch?v=20A5CdhoM2U,https://i.ytimg.com/vi/20A5CdhoM2U/mqdefault.jpg
5535c9524eb046c38e172ebfa06b302f,15869,【原神研究室】提納里&柯萊🌱10分鐘速採突破素材▸月蓮44個、樹王聖體菇39個、蕈獸&鍍金旅團密集點位效率路線分享！ ▹璐洛洛◃,2022-08-28T04:30:12Z,https://www.youtube.com/watch?v=idIRm7TnrNo,https://i.ytimg.com/vi/idIRm7TnrNo/mqdefault.jpg
9d9c6477329245cbb2557895f4f15686,15851,08/31 ！,2022-08-31T09:28:28Z,https://www.twitch.tv/videos/1577731270,https://static-cdn.jtvnw.net/cf_vods/d3vd9lfkzbru3h/48b9b04206b0be979bbd_iitifox_39626371719_1661938101//thumb/thumb0-%{width}x%{height}.jpg
9d9c6477329245cbb2557895f4f15686,15819,08/19 晚上八點要工商了唷！！ !週年慶,2022-08-19T10:27:30Z,https://www.twitch.tv/videos/1566325509,https://static-cdn.jtvnw.net/cf_vods/d3vd9lfkzbru3h/139023a0abd80e075ce8_iitifox_39582255383_1660904843//thumb/thumb0-%{width}x%{height}.jpg
9e64bba43928414884503de36f805c48,15819,8/18 | 團練起來!! 快要... !比賽 6/19~8/18 生日加班台 !加班 !紋紋證交所 !股票 !YT,2022-08-18T04:05:14Z,https://www.twitch.tv/videos/1565239059,https://static-cdn.jtvnw.net/cf_vods/d3vd9lfkzbru3h/d9043e633a520af8ec75_wen620_39578697975_1660795509//thumb/thumb0-%{width}x%{height}.jpg
9e64bba43928414884503de36f805c48,15776,8/15 | 團練起來!! 快要... !比賽 6/19~8/15 生日加班台 !加班 !紋紋證交所 !股票 !YT,2022-08-16T08:09:15Z,https://www.twitch.tv/videos/1563424168,https://static-cdn.jtvnw.net/cf_vods/d3vd9lfkzbru3h/9a12c61540916cf854d8_wen620_39573670327_1660637348//thumb/thumb0-%{width}x%{height}.jpg
f18407d79b4b43ffa6adf629d1723a8f,15755,【壺男】壺壺壺壺壺壺壺男 到底是誰叫我玩這遊戲的 ?【不夜皇FuyaSumeragi・VTuber】,2022-08-24T15:50:48Z,https://www.youtube.com/watch?v=LZHYWRv0wo8,https://i.ytimg.com/vi/LZHYWRv0wo8/mqdefault.jpg
36beb36f581f44d393dcf0af2b194789,15746,【沃夫曼】8/29 刷個棉花糖 等等槍火,2022-08-29T11:03:04Z,https://www.twitch.tv/videos/1575896039,https://static-cdn.jtvnw.net/cf_vods/d3vd9lfkzbru3h/e7e73f6ef022e6c8d5e4_lswoofman_39617953031_1661770979//thumb/thumb0-%{width}x%{height}.jpg
265a18972d244affae35711cfd1f9931,15607,🐙TAKO1921生日🐙最後的最後還可以再陪我一下下嗎【MiroLive/塔芭絲可】,2022-08-09T10:10:27Z,https://www.youtube.com/watch?v=C4rJbvCirco,https://i.ytimg.com/vi/C4rJbvCirco/mqdefault.jpg
f6a4e7aa8d0c4e5cb39d199845ec4d02,15569,【SC感謝雜談】謝謝大家喜歡新衣服💖 聊聊新衣服和當天的SC【杏仁ミル】,2022-08-09T16:25:00Z,https://www.youtube.com/watch?v=gdxqjeZio6Y,https://i.ytimg.com/vi/gdxqjeZio6Y/mqdefault.jpg
ea4c1a67c2e445ad8028768616ceb659,15545,【蘿可泳裝設計大賞！？】蘿莉控們！夏天果然要穿泳裝對吧！蘿可喜歡的話就會穿上去喔！【洛可洛斯特 / VTUBER】,2022-08-27T15:05:52Z,https://www.youtube.com/watch?v=9VdI4cxqqmk,https://i.ytimg.com/vi/9VdI4cxqqmk/mqdefault.jpg
5535c9524eb046c38e172ebfa06b302f,15537,【#幻塔】滿星奈美西斯GET! 終於能歐言歐語啦! 在開放世界和觀眾Dejavu還有躲貓貓🤣 ▹璐洛洛◃,2022-08-25T12:00:16Z,https://www.youtube.com/watch?v=FLUYfgKvZUc,https://i.ytimg.com/vi/FLUYfgKvZUc/mqdefault.jpg
8b027d3a3f374c9c8398b6dd751e5018,15371,【DBD】一個鬼王的誕生 ヘ| ´ω｀ |ﾉ｜!加班 !發發,2022-08-07T13:42:31Z,https://www.twitch.tv/videos/1554968847,https://static-cdn.jtvnw.net/cf_vods/d3vd9lfkzbru3h/f987e5776e1a5e675306_lisheng_tw_39552545255_1659879741//thumb/thumb0-%{width}x%{height}.jpg
0bf0ec441dc6489583f7218e02ab6a89,15364,🔴【絲襪倒罵】08/14 21:00 抖Ｍ的最愛！喜歡被罵的你一定不能錯過！詳情請看資訊欄,2022-08-14T16:47:59Z,https://www.youtube.com/watch?v=jlDCfSLwleA,https://i.ytimg.com/vi/jlDCfSLwleA/mqdefault.jpg
423dd7da92be47f4af7273c5f74efb27,15318,Fei. 早起菲 晚點團練 !比賽 | 訂閱福利請看 !活動 🔥 !YT !VPN | 8/28,2022-08-28T02:48:14Z,https://www.twitch.tv/videos/1574731364,https://static-cdn.jtvnw.net/cf_vods/d3vd9lfkzbru3h/24dbc05a3d08ad826498_fei_z_39612034055_1661654888//thumb/thumb0-%{width}x%{height}.jpg
9d9c6477329245cbb2557895f4f15686,15222,8/7 明晚7點一週年紀念  !乙T,2022-08-07T09:52:38Z,https://www.twitch.tv/videos/1554852511,https://static-cdn.jtvnw.net/cf_vods/d3vd9lfkzbru3h/47f41736c721e6f5f269_iitifox_39551791255_1659865950//thumb/thumb0-%{width}x%{height}.jpg
fd6a0236861940389e15ef85b16c6069,15163,好久不見!!! 電腦設定還沒調完但還是先開了♡｜!發發｜8/8,2022-08-08T10:03:54Z,https://www.twitch.tv/videos/1555787517,https://static-cdn.jtvnw.net/cf_vods/d3vd9lfkzbru3h/b229e027106507b2e84f_hennie2001_39554431447_1659953029//thumb/thumb0-%{width}x%{height}.jpg
8b027d3a3f374c9c8398b6dd751e5018,15163,黃金加倍6倍🌈實況兩周年🌈加班D10💕發發活動💕贈訂就可以抽獎、滿100份送手工巧克力💦ヘ| ´ω｀ |ﾉ｜!加班 !發發 !幫算經驗 !幫算全滿 !X調查 !小圈圈 !寶貝,2022-08-17T02:52:08Z,https://www.twitch.tv/videos/1564234784,https://static-cdn.jtvnw.net/cf_vods/d3vd9lfkzbru3h/0a5938f84b75d52bd28a_lisheng_tw_39575815575_1660704719//thumb/thumb0-%{width}x%{height}.jpg
a02bb0332f5942ec892c932d6a089014,15118,怎麼樣，想聽我的原聲帶嗎？【貝莉莓】,2022-08-30T09:00:22Z,https://www.youtube.com/watch?v=guH7PqXWqA0,https://i.ytimg.com/vi/guH7PqXWqA0/mqdefault.jpg
265a18972d244affae35711cfd1f9931,15069,🐙3萬訂閱慶祝加班台#4🐙我的寶貝呀 洗臉刷牙 姊姊會抱著你一起睡個好覺💓 (加班規則看資訊區)【MiroLive/塔芭絲可】,2022-08-24T06:14:42Z,https://www.youtube.com/watch?v=CZi8XD2rHRE,https://i.ytimg.com/vi/CZi8XD2rHRE/mqdefault.jpg
8b027d3a3f374c9c8398b6dd751e5018,15000,加班D8💕發發活動💕贈訂就可以抽獎💦ヘ| ´ω｀ |ﾉ｜!加班 !發發 !幫算經驗 !幫算全滿 !X調查 !小圈圈 !寶貝,2022-08-15T05:38:42Z,https://www.twitch.tv/videos/1562422646,https://static-cdn.jtvnw.net/cf_vods/d3vd9lfkzbru3h/2edd7b7721124cdc8677_lisheng_tw_39570666951_1660541912//thumb/thumb0-%{width}x%{height}.jpg
1254f176d93548aca5ac7f4b53313f71,14999,#shorts #dance #TikTok #shortvideo  #shortsvtuber #TikTokhot #TikToksong #TikTokpopsong  #shortcool,2022-08-21T05:15:21Z,https://www.youtube.com/watch?v=oBkX5xdiXjo,https://i.ytimg.com/vi/oBkX5xdiXjo/mqdefault.jpg
265a18972d244affae35711cfd1f9931,14976,🐙3萬訂閱慶祝加班台#9🐙突破4.71囉!!今日流程 吃飯 畫頭貼 整理家裡 排球比賽 &1.0閃現 (加班規則看資訊區)【MiroLive/塔芭絲可】,2022-08-26T18:13:55Z,https://www.youtube.com/watch?v=KKQPXguYRsE,https://i.ytimg.com/vi/KKQPXguYRsE/mqdefault.jpg
4b6b055ada4d4f0ab63b7ad02a3fa3ef,14942,【3Ddance ver.】NON STOP SOUL!!!【#Rumi3D】【CC字幕】｜Rumi/懶貓子,2022-08-16T12:27:11Z,https://www.youtube.com/watch?v=10TDfSzRnp8,https://i.ytimg.com/vi/10TDfSzRnp8/mqdefault.jpg
8b027d3a3f374c9c8398b6dd751e5018,14922,💕加班D16💕人皇學習台 Ft. 回回！ 💦ヘ| ´ω｀ |ﾉ｜!加班 !coda,2022-08-24T09:40:52Z,https://www.twitch.tv/videos/1571105627,https://static-cdn.jtvnw.net/cf_vods/d3vd9lfkzbru3h/20ed82745961a2cc6d52_lisheng_tw_39596398583_1661334042//thumb/thumb0-%{width}x%{height}.jpg
f6a4e7aa8d0c4e5cb39d199845ec4d02,14847,【歌回】音癡地唱歌環節【杏仁ミル】,2022-08-14T14:02:47Z,https://www.youtube.com/watch?v=fNdrCyenvIE,https://i.ytimg.com/vi/fNdrCyenvIE/mqdefault.jpg
f6a4e7aa8d0c4e5cb39d199845ec4d02,14625,CSO團隊公主保衛戰咪嚕公主🆚提亞公主到底誰的騎士比較強呢❓,2022-08-19T14:00:10Z,https://www.youtube.com/watch?v=SMRNWO5exu0,https://i.ytimg.com/vi/SMRNWO5exu0/mqdefault.jpg
7c06b9e316ce4ac18ce836cd72442bbe,14550,【突襲歌枠】陪伴你的上班上學路 一~路~順~風~ 10點健身環！【浠Mizuki Karaoke】,2022-08-17T01:52:05Z,https://www.youtube.com/watch?v=pjyjewy57JM,https://i.ytimg.com/vi/pjyjewy57JM/mqdefault.jpg
5535c9524eb046c38e172ebfa06b302f,14509,【原神】大佬來開秀28🎯▸3.0改版前菲謝爾紀念特輯！菲九萬班實戰精華，深境螺旋滿星通關！武器面板與聖遺物展示 ▹璐洛洛◃,2022-08-23T13:30:11Z,https://www.youtube.com/watch?v=VS7z1zRLEXM,https://i.ytimg.com/vi/VS7z1zRLEXM/mqdefault.jpg
4b6b055ada4d4f0ab63b7ad02a3fa3ef,14362,【#Rumi3D】5ma♡ #shorts ｜Rumi/懶貓子,2022-08-19T03:00:01Z,https://www.youtube.com/watch?v=1VO98uJmGAE,https://i.ytimg.com/vi/1VO98uJmGAE/mqdefault.jpg
7c06b9e316ce4ac18ce836cd72442bbe,14320,【感謝雑談】一周年合唱祭回顧 ＆ SC朗讀【浠Mizuki Free Talk】,2022-08-29T15:36:04Z,https://www.youtube.com/watch?v=lXJXFDa2Jjc,https://i.ytimg.com/vi/lXJXFDa2Jjc/mqdefault.jpg
fd6a0236861940389e15ef85b16c6069,14230,還是忍不住想玩APEX ♡｜二周年周邊開放預購中｜!發發!周邊｜8/11,2022-08-11T11:56:42Z,https://www.twitch.tv/videos/1558749535,https://static-cdn.jtvnw.net/cf_vods/d3vd9lfkzbru3h/9b652138f7840ce4f264_hennie2001_39563173159_1660218995//thumb/thumb0-%{width}x%{height}.jpg
5535c9524eb046c38e172ebfa06b302f,14206,【原神】大佬來開秀27🍁▸滿命滿精楓原萬葉！無傷SOLO全通深境螺旋2.8版本12層！武器面板與聖遺物展示 ▹璐洛洛◃,2022-08-03T14:00:11Z,https://www.youtube.com/watch?v=vdimPUCVp7o,https://i.ytimg.com/vi/vdimPUCVp7o/mqdefault.jpg
01f26342ae4e419280bcfd6ec6e86db1,14150,【不重大發表】你有看過偶像的房間嗎？帶你們參觀順便唸一下之前的SuperChat【十五號．Vtuber】,2022-08-28T16:41:29Z,https://www.youtube.com/watch?v=wcLvcxvxSyo,https://i.ytimg.com/vi/wcLvcxvxSyo/mqdefault.jpg
5535c9524eb046c38e172ebfa06b302f,14103,【原神研究室】2.8金蘋果群島攻略(雙雙島篇)🔥▸夜鴉3故事、夜鴉6指認、『極夜幻想劇．王女執劍記』，寶箱、原石速拿作業懶人包! ▹璐洛洛◃,2022-08-16T13:30:15Z,https://www.youtube.com/watch?v=1a4t7seDspI,https://i.ytimg.com/vi/1a4t7seDspI/mqdefault.jpg
f6a4e7aa8d0c4e5cb39d199845ec4d02,14085,幻塔開服啦!!! 騎上咪嚕最酷的車車拯救世界囉🚙💨💨💨,2022-08-11T15:19:03Z,https://www.youtube.com/watch?v=HWMkFMHdb0M,https://i.ytimg.com/vi/HWMkFMHdb0M/mqdefault.jpg
67d6807619064938a78832b4106de5c0,14056,【Minecraft】Intel Gamer Days電競派對開跑啦，來一場盛大的麥塊派對吧！Ft. @阿神 @阿謙 @【雙聲類】小光,2022-08-26T12:20:33Z,https://www.youtube.com/watch?v=vp3T9fZJ9L8,https://i.ytimg.com/vi/vp3T9fZJ9L8/mqdefault.jpg
e17f42aa104040deae2ee3f3b1e85ed8,13963,【肉肉薔蒔】 0809 今天肉肉生日! 聽障台 發發集氣挑戰開始ㄌ! 勾勾過惹! 現在是勾勾肉!   !生日,2022-08-09T04:43:16Z,https://www.twitch.tv/videos/1556621550,https://static-cdn.jtvnw.net/cf_vods/d3vd9lfkzbru3h/d4b835f304af34fa20d1_aishakumo_39556488311_1660020189//thumb/thumb0-%{width}x%{height}.jpg
be6c475c291d45a0a7349abdb70be20d,13936,【GTA5】夏日更新後仍可使用的黃金門開法介紹！佩里克島搶劫 Cayo Perico Heist,2022-08-16T03:17:12Z,https://www.youtube.com/watch?v=4_yKyfho0AY,https://i.ytimg.com/vi/4_yKyfho0AY/mqdefault.jpg
8b027d3a3f374c9c8398b6dd751e5018,13889,💕加班8/8-26💕PY！ 💦ヘ| ´ω｀ |ﾉ｜!加班 !coda,2022-08-26T02:18:31Z,https://www.twitch.tv/videos/1572754645,https://static-cdn.jtvnw.net/cf_vods/d3vd9lfkzbru3h/dfe09a46071f3f4e95bc_lisheng_tw_39602974311_1661480301//thumb/thumb0-%{width}x%{height}.jpg
265a18972d244affae35711cfd1f9931,13814,🐙3萬訂閱慶祝加班台#5🐙今日流程 吃飯 工作 整理家裡 運動(加班規則看資訊區)【MiroLive/塔芭絲可】,2022-08-24T15:35:43Z,https://www.youtube.com/watch?v=MI_Wfm2fmTg,https://i.ytimg.com/vi/MI_Wfm2fmTg/mqdefault.jpg
9e64bba43928414884503de36f805c48,13707,8/4 | 快要DBD比賽了 6/19~8/4 生日加班台 !加班 !紋紋證交所 !股票 !YT,2022-08-04T19:31:07Z,https://www.twitch.tv/videos/1552325745,https://static-cdn.jtvnw.net/cf_vods/d3vd9lfkzbru3h/8f18efd1bb92fa0badcd_wen620_39544600871_1659641461//thumb/thumb0-%{width}x%{height}.jpg
8b027d3a3f374c9c8398b6dd751e5018,13570,加班D12💕發發倒數2天💕贈訂就可以抽獎、滿100份送手工巧克力💦ヘ| ´ω｀ |ﾉ｜!加班 !發發 !幫算經驗 !幫算全滿 !X調查 !小圈圈 !寶貝 !coda,2022-08-19T01:04:25Z,https://www.twitch.tv/videos/1566035196,https://static-cdn.jtvnw.net/cf_vods/d3vd9lfkzbru3h/bdd229ccc918d8640dc3_lisheng_tw_39581208039_1660871056//thumb/thumb0-%{width}x%{height}.jpg
7c06b9e316ce4ac18ce836cd72442bbe,13545,【連動】逆・壓迫面試！子午計畫的面試官都是抖M？ ft. 嗚夫沃夫 / 社長Kuma / 奶哥 / 洛可洛斯特,2022-08-16T14:37:23Z,https://www.youtube.com/watch?v=qDSi2EqJiMY,https://i.ytimg.com/vi/qDSi2EqJiMY/mqdefault.jpg
7c06b9e316ce4ac18ce836cd72442bbe,13440,【健身環Day06】大家好，我是Mi肌ki！【浠Mizuki Game】,2022-08-17T03:32:49Z,https://www.youtube.com/watch?v=JuS9kMH70gY,https://i.ytimg.com/vi/JuS9kMH70gY/mqdefault.jpg
fd6a0236861940389e15ef85b16c6069,13397,麥克風怎模調都調不好www...♡｜!發發｜8/8,2022-08-09T10:27:10Z,https://www.twitch.tv/videos/1556749478,https://static-cdn.jtvnw.net/cf_vods/d3vd9lfkzbru3h/7535a6bc944f30ffd770_hennie2001_39557199495_1660040823//thumb/thumb0-%{width}x%{height}.jpg
423dd7da92be47f4af7273c5f74efb27,13380,Fei. 想一下 💙晚上7點DBD選秀💙 !活動 !比賽 !VPN | 8/12,2022-08-12T04:59:37Z,https://www.twitch.tv/videos/1559547944,https://static-cdn.jtvnw.net/cf_vods/d3vd9lfkzbru3h/9f8001b51ec72b990f54_fei_z_39564973655_1660280370//thumb/thumb0-%{width}x%{height}.jpg
9d9c6477329245cbb2557895f4f15686,13308,08/28 等等恐怖遊戲 保護皮皮BB小魚,2022-08-28T12:49:52Z,https://www.twitch.tv/videos/1575030870,https://static-cdn.jtvnw.net/cf_vods/d3vd9lfkzbru3h/6e94d41269b5e98a0073_iitifox_39614168487_1661690985//thumb/thumb0-%{width}x%{height}.jpg
ba562aad440d483e988d3ce7e7217c94,13287,[貓宮香草] 8/29 無所事事貓貓  !DC,2022-08-29T07:47:37Z,https://www.twitch.tv/videos/1575827282,https://static-cdn.jtvnw.net/cf_vods/d3vd9lfkzbru3h/4007c13725acd2ed5fc8_vanilla_shironeko_39617250231_1661759252//thumb/thumb0-%{width}x%{height}.jpg
4b6b055ada4d4f0ab63b7ad02a3fa3ef,13232,【#簽名會】20萬訂閱紀念回顧簽名會！【#雜談】｜Rumi/懶貓子,2022-08-27T13:55:34Z,https://www.youtube.com/watch?v=601kImupm9c,https://i.ytimg.com/vi/601kImupm9c/mqdefault.jpg
e17f42aa104040deae2ee3f3b1e85ed8,13187,【肉肉薔蒔】 0820 今天是發發集氣ㄉ最後一天,2022-08-20T10:39:06Z,https://www.twitch.tv/videos/1567320358,https://static-cdn.jtvnw.net/cf_vods/d3vd9lfkzbru3h/9dd6114a146449c9e84a_aishakumo_39585376023_1660991939//thumb/thumb0-%{width}x%{height}.jpg
e17f42aa104040deae2ee3f3b1e85ed8,13130,【肉肉薔蒔】 0817 七槍六馬五分鐘四把三排倒倆光速下一把 發發集氣挑戰開始ㄌ!,2022-08-17T13:12:37Z,https://www.twitch.tv/videos/1564517130,https://static-cdn.jtvnw.net/cf_vods/d3vd9lfkzbru3h/f4beb1cf3c7fb7937296_aishakumo_39577326535_1660741952//thumb/thumb0-%{width}x%{height}.jpg
4b6b055ada4d4f0ab63b7ad02a3fa3ef,13101,【#stray】※※※注意吶喊！！！！！※※※｜Rumi/懶貓子,2022-08-08T14:11:22Z,https://www.youtube.com/watch?v=hUXz4tCd8xI,https://i.ytimg.com/vi/hUXz4tCd8xI/mqdefault.jpg
5535c9524eb046c38e172ebfa06b302f,13059,【原神研究室】2.8海島幻境🔥菲謝爾篇▸7分鐘看完10個寶箱+1海螺全蒐集！ 幻境解謎流程超濃縮懶人包！金蘋果群島Day4 - 『幽夜默示錄』 ▹璐洛洛◃,2022-08-09T13:30:13Z,https://www.youtube.com/watch?v=qmFIHTlH1VI,https://i.ytimg.com/vi/qmFIHTlH1VI/mqdefault.jpg
4b6655120fbd4431a8f7894cac4a4d49,12949,ASMR 不助眠｜寂寞空虛就讓舌尖來填滿｜Mouth Sounds Whisper Ear Massage｜口舐の音 耳舐 耳マッサージ  吐息【Healing希靈/VTuber】,2022-08-26T16:42:55Z,https://www.youtube.com/watch?v=iTdprMhrtwQ,https://i.ytimg.com/vi/iTdprMhrtwQ/mqdefault.jpg
8b027d3a3f374c9c8398b6dd751e5018,12910,加班D2💕發發活動💕贈訂就可以抽獎💦法會通過睡覺不用停時間  ヘ| ´ω｀ |ﾉ｜!加班 !發發 !幫算經驗,2022-08-09T11:03:10Z,https://www.twitch.tv/videos/1556764043,https://static-cdn.jtvnw.net/cf_vods/d3vd9lfkzbru3h/b9f9f762005860997518_lisheng_tw_39557305271_1660042981//thumb/thumb0-%{width}x%{height}.jpg
5535c9524eb046c38e172ebfa06b302f,12775,【原神研究室】2.8海島幻境🔥辛焱篇▸7分鐘看完18個寶箱+1海螺全蒐集！ 幻境解謎流程超濃縮懶人包！金蘋果群島Day3 - 『烈火踏歌行』 ▹璐洛洛◃,2022-08-07T12:00:14Z,https://www.youtube.com/watch?v=dQy_aJVWDr4,https://i.ytimg.com/vi/dQy_aJVWDr4/mqdefault.jpg
9d9c6477329245cbb2557895f4f15686,12743,08/27 驚喜？意外？8點工商 10點不刪檔喝酒歌回... !週年慶,2022-08-27T11:26:12Z,https://www.twitch.tv/videos/1574003526,https://static-cdn.jtvnw.net/cf_vods/d3vd9lfkzbru3h/0f43ef1c5c3a96a79471_iitifox_39609140807_1661599565//thumb/thumb0-%{width}x%{height}.jpg
f6a4e7aa8d0c4e5cb39d199845ec4d02,12708,【雑談】重大告知【杏仁ミル】,2022-08-26T13:22:17Z,https://www.youtube.com/watch?v=kMHGvPLM-tQ,https://i.ytimg.com/vi/kMHGvPLM-tQ/mqdefault.jpg
9d9c6477329245cbb2557895f4f15686,12662,08/28 诶嘿 早安,2022-08-28T02:04:06Z,https://www.twitch.tv/videos/1574695453,https://static-cdn.jtvnw.net/cf_vods/d3vd9lfkzbru3h/fccaccf142b154152640_iitifox_39611928311_1661652239//thumb/thumb0-%{width}x%{height}.jpg
fd6a0236861940389e15ef85b16c6069,12517,先小抽在邪靈入侵，累累病 👻｜二周年周邊預購中(預計九月中出貨)｜!周邊｜8/26,2022-08-28T06:32:17Z,https://www.twitch.tv/videos/1574865883,https://static-cdn.jtvnw.net/cf_vods/d3vd9lfkzbru3h/03c82f6f676def3df09b_hennie2001_39612695959_1661668332//thumb/thumb0-%{width}x%{height}.jpg
5535c9524eb046c38e172ebfa06b302f,12493,【EROICA：英雄】新遊試玩🎯▸低調卻又超佛心的史詩冒險RPG手遊！T0角色推薦，搭上亞坎列車和公主一起環遊世界！ ▹璐洛洛◃,2022-08-21T11:10:10Z,https://www.youtube.com/watch?v=xv96Jyw5jak,https://i.ytimg.com/vi/xv96Jyw5jak/mqdefault.jpg
590a2bca0051444fb98915e5d761d47c,12480,【AirLife】狠狠的被車過去｜#紫勾申請中 !精華 ｜ #Vtype #小森未央,2022-08-22T22:53:09Z,https://www.twitch.tv/videos/1569752808,https://static-cdn.jtvnw.net/cf_vods/d3vd9lfkzbru3h/b0590b6bb034799a7a0e_komorimio_39592513015_1661208782//thumb/thumb0-%{width}x%{height}.jpg
7c06b9e316ce4ac18ce836cd72442bbe,12428,【健身環Day05】想吃Pasta大盛【浠Mizuki Game】,2022-08-03T05:59:15Z,https://www.youtube.com/watch?v=ggqsszFDJAo,https://i.ytimg.com/vi/ggqsszFDJAo/mqdefault.jpg
4b6655120fbd4431a8f7894cac4a4d49,12385,ASMR 助眠 KU100｜疲憊的心靈來讓姐姐摸摸頭撫慰一下吧｜Oil Massage Ear Massage｜オイルマッサージ  吐息｜오일 마사지 귀 마사지【Healing希靈/VTuber】,2022-08-12T16:35:18Z,https://www.youtube.com/watch?v=IZmMyq81kXc,https://i.ytimg.com/vi/IZmMyq81kXc/mqdefault.jpg
4b6655120fbd4431a8f7894cac4a4d49,12384,ASMR 助眠 KU100｜浪海七夕接力甜甜回 單身也不怕寂寞｜Ear picking Oil Massage｜オイルマッサージ 耳かき 吐息【Healing希靈/VTuber】,2022-08-04T17:55:21Z,https://www.youtube.com/watch?v=79XMIV0SGLM,https://i.ytimg.com/vi/79XMIV0SGLM/mqdefault.jpg
494d2c5daf9f4a8a8e4538687e6be14c,12338,【姬蜜VOICE !】起床【兔姬UsagiHime | 惡兔重工】,2022-08-21T01:00:03Z,https://www.youtube.com/watch?v=G4_eO7W4X4w,https://i.ytimg.com/vi/G4_eO7W4X4w/mqdefault.jpg
06e9953eb191486d979e6b92b6601d9a,12320,我只是要喝水... #shorts #shortvideo #fyp #tiktok #搞笑视频 #bug,2022-08-30T11:28:59Z,https://www.youtube.com/watch?v=6_SZo06oMPY,https://i.ytimg.com/vi/6_SZo06oMPY/mqdefault.jpg
265a18972d244affae35711cfd1f9931,12278,TAKOASMR: ASMR-福利向💓記得戴耳機唷~告訴我 你敏感你喜歡的方法吧💓【MiroLive/塔芭絲可】,2022-08-23T16:41:46Z,https://www.youtube.com/watch?v=B2opG1Y_mXg,https://i.ytimg.com/vi/B2opG1Y_mXg/mqdefault.jpg
01f26342ae4e419280bcfd6ec6e86db1,12268,【歌枠/歌回】穿越時空的對唱情歌【十五號．Vtuber】,2022-08-21T15:11:15Z,https://www.youtube.com/watch?v=1EX-uxfeKTg,https://i.ytimg.com/vi/1EX-uxfeKTg/mqdefault.jpg
7c06b9e316ce4ac18ce836cd72442bbe,12231,我回家了...小...小浠！？【八月翻唱曲預告】,2022-08-24T11:30:10Z,https://www.youtube.com/watch?v=saZ-6CzU63U,https://i.ytimg.com/vi/saZ-6CzU63U/mqdefault.jpg
5535c9524eb046c38e172ebfa06b302f,12200,【戰雙帕彌什】💙全新S級獨域機體「哈卡瑪．隱星」，超強封凍無腦輸出！專武 & 意識該如何搭？兼具可愛 & 嚴肅 & 反叛的超可愛機娘！2周年「遙岸方舟」版本活動懶人包! ▹璐洛洛◃,2022-08-14T11:30:14Z,https://www.youtube.com/watch?v=GQnOefdAK30,https://i.ytimg.com/vi/GQnOefdAK30/mqdefault.jpg
423dd7da92be47f4af7273c5f74efb27,12198,Fei. 團練到作夢都是DBD | !活動 !比賽 !VPN | 8/15,2022-08-15T06:23:40Z,https://www.twitch.tv/videos/1562439816,https://static-cdn.jtvnw.net/cf_vods/d3vd9lfkzbru3h/c71b0710933c88485ce6_fei_z_39570761911_1660544613//thumb/thumb0-%{width}x%{height}.jpg
265a18972d244affae35711cfd1f9931,12186,🐙3萬訂閱慶祝加班台#2🐙先洗澡.工作再一起睡睡 (加班規則看資訊區)【MiroLive/塔芭絲可】,2022-08-23T05:15:58Z,https://www.youtube.com/watch?v=Z5yFLKJVGn4,https://i.ytimg.com/vi/Z5yFLKJVGn4/mqdefault.jpg
f18407d79b4b43ffa6adf629d1723a8f,12167,【雜談】昨晚夜唱，今晚來聊聊卡拉OK的事【不夜皇FuyaSumeragi・VTuber】,2022-08-09T16:49:46Z,https://www.youtube.com/watch?v=D4ddyO58Zyk,https://i.ytimg.com/vi/D4ddyO58Zyk/mqdefault.jpg
4b6b055ada4d4f0ab63b7ad02a3fa3ef,12020,【#原神】Ver.3.0新活動！《 #雕琢童心 》 #２０｜Rumi/懶貓子,2022-08-28T14:06:06Z,https://www.youtube.com/watch?v=Vr7xStdqTWc,https://i.ytimg.com/vi/Vr7xStdqTWc/mqdefault.jpg
fd6a0236861940389e15ef85b16c6069,12006,【Cult of the Lamb】回來啦～月月報揍我肚子一頓 ♡｜二周年周邊開放預購中｜!周邊 !入羊教｜8/21,2022-08-21T11:54:13Z,https://www.twitch.tv/videos/1568333969,https://static-cdn.jtvnw.net/cf_vods/d3vd9lfkzbru3h/c3cf1d9c55bdccc99c9a_hennie2001_39588626935_1661082848//thumb/thumb0-%{width}x%{height}.jpg
8a4988902b5640e6ae1829285307c636,11928,[ORIGINAL SONG] Take Me Away / Rescute瀕臨絕種團,2022-08-10T12:00:10Z,https://www.youtube.com/watch?v=VxisNOQONmw,https://i.ytimg.com/vi/VxisNOQONmw/mqdefault.jpg
2741a90689f342548daad7f760b0a8f7,11787,【夜勤病棟】是的！今天即將跟兩百顆大便糖正面決鬥【希翁／Chion】,2022-08-06T20:57:15Z,https://www.youtube.com/watch?v=cbPj6gtzkDo,https://i.ytimg.com/vi/cbPj6gtzkDo/mqdefault.jpg
4b6b055ada4d4f0ab63b7ad02a3fa3ef,11766,【#簽名會】20萬訂閱紀念回顧簽名會！- Part2 -【#雜談】｜Rumi/懶貓子,2022-08-30T13:47:44Z,https://www.youtube.com/watch?v=AWBxRWxUfL4,https://i.ytimg.com/vi/AWBxRWxUfL4/mqdefault.jpg
7c06b9e316ce4ac18ce836cd72442bbe,11747,【歌枠】13萬訂閱感謝復刻歌回！【浠Mizuki Karaoke】!dc、!周邊、!斗內、!YT、!推特、!點歌、!投票,2022-08-20T12:58:13Z,https://www.twitch.tv/videos/1567392542,https://static-cdn.jtvnw.net/cf_vods/d3vd9lfkzbru3h/8f891641dea2125ee5ca_mizukimilk723_39585871543_1661000286//thumb/thumb0-%{width}x%{height}.jpg
265a18972d244affae35711cfd1f9931,11716,🐙3.5慶祝-葡萄酒酒雜🐙今天讓你們隨便問 我說謊我就喝爆 今天就是喝爆的日子詳細看資訊區【MiroLive/塔芭絲可】,2022-08-05T05:02:49Z,https://www.youtube.com/watch?v=Q-fVGQUimdo,https://i.ytimg.com/vi/Q-fVGQUimdo/mqdefault.jpg
265a18972d244affae35711cfd1f9931,11714,🐙3萬訂閱慶祝加班台#10🐙跟你一起睡個好覺💓(加班規則看資訊區)【MiroLive/塔芭絲可】,2022-08-27T05:31:38Z,https://www.youtube.com/watch?v=vazzkYikSzA,https://i.ytimg.com/vi/vazzkYikSzA/mqdefault.jpg
265a18972d244affae35711cfd1f9931,11711,🐙APEX傳家寶+加班台#12🐙我想得到這個酷酷的東西!!!!我想要!!抽完繼續加班【MiroLive/塔芭絲可】,2022-08-27T18:05:27Z,https://www.youtube.com/watch?v=SHLgSAE8220,https://i.ytimg.com/vi/SHLgSAE8220/mqdefault.jpg
265a18972d244affae35711cfd1f9931,11663,🐙夏日泳裝🐙你們喜歡怎麼樣的泳裝呢!! 跟我一起挑選gogo【MiroLive/塔芭絲可】,2022-08-10T16:05:52Z,https://www.youtube.com/watch?v=JRV1hgw8EeY,https://i.ytimg.com/vi/JRV1hgw8EeY/mqdefault.jpg
8b027d3a3f374c9c8398b6dd751e5018,11594,💕加班8/8-27💕久違的A💦ヘ| ´ω｀ |ﾉ｜!加班 !coda,2022-08-28T02:19:39Z,https://www.twitch.tv/videos/1574708539,https://static-cdn.jtvnw.net/cf_vods/d3vd9lfkzbru3h/08ab4c12694ec8585f3f_lisheng_tw_39611965127_1661653169//thumb/thumb0-%{width}x%{height}.jpg
f110fd69b66941bab04de9ada563c6ac,11541,【3Dio FS XLR/耳內按摩】 溫柔向 ♡按摩SPA｜一瞬間誘導睡眠｜掏耳、咕嚕咕嚕、耳內按摩、嬰兒油｜溫柔御姊陪伴【舔耳ASMR】,2022-08-30T17:11:04Z,https://www.youtube.com/watch?v=D2AkfeQ8mIU,https://i.ytimg.com/vi/D2AkfeQ8mIU/mqdefault.jpg
5535c9524eb046c38e172ebfa06b302f,11533,【Lonely Survivor 不算英雄】新遊試玩🎯▸無腦割草94爽！體驗場場萬殺的單指動作遊戲！暴力紓壓配裝推薦 ▹璐洛洛◃,2022-08-21T13:00:11Z,https://www.youtube.com/watch?v=lun6O7cJxkg,https://i.ytimg.com/vi/lun6O7cJxkg/mqdefault.jpg
b473dffe721745f6beb34b5a49e9aeda,11409,【歌ってみた／試唱】QUEEN / Kanaria - covered by 藻原もずく【藻原もずく/香港Vtuber】#shorts,2022-08-18T12:19:07Z,https://www.youtube.com/watch?v=0A5sIYsTzMQ,https://i.ytimg.com/vi/0A5sIYsTzMQ/mqdefault.jpg
4b6b055ada4d4f0ab63b7ad02a3fa3ef,11402,【#valorant】おさけのんでる！@4 です！｜Rumi/懶貓子,2022-08-28T14:51:03Z,https://www.twitch.tv/videos/1575109626,https://static-cdn.jtvnw.net/cf_vods/d3vd9lfkzbru3h/1a6e4f6c16cc30168b87_rumi0813_39614786391_1661698254//thumb/thumb0-%{width}x%{height}.jpg
04d2ff1dde6b4bb68503a734274f4b7e,11359,2022夏戀高捷動漫祭｜快來現場跟歐咖咪桑互動唷♡,2022-08-28T07:05:53Z,https://www.youtube.com/watch?v=zci-V-SdI1w,https://i.ytimg.com/vi/zci-V-SdI1w/mqdefault.jpg
c82ab1b4f8f64d1f84cae4ce09aa0dea,11353,【SEKI小動畫】我的各式水果吃法！,2022-08-30T12:00:11Z,https://www.youtube.com/watch?v=v0M7G3baLWU,https://i.ytimg.com/vi/v0M7G3baLWU/mqdefault.jpg
265a18972d244affae35711cfd1f9931,11349,TAKOASMR:舒眠向 在姊姊懷中好好睡覺好嗎 我的寶貝  耳朵按摩+鍵盤聲 ❤Ear Massage+keyboard ❤【Mirolive/塔芭絲可】,2022-08-06T16:32:12Z,https://www.youtube.com/watch?v=aKvjWXuy2Og,https://i.ytimg.com/vi/aKvjWXuy2Og/mqdefault.jpg
2e266a71aa3d4a67bb8d9a2a0b573319,11221,０９０１ (四) 新的月份新的開始  | !YT !魚幣比值  !Line,2022-09-01T04:41:55Z,https://www.twitch.tv/videos/1578549820,https://static-cdn.jtvnw.net/cf_vods/d3vd9lfkzbru3h/94eb1c2b317bfe082b0f_ziifish_39629594855_1662007305//thumb/thumb0-%{width}x%{height}.jpg
3809ec8a42634d11aa1b7b8f99755c6a,11106,【花花】 8/21  可能小開  ✤ !YT ✤ !委託 ✤ !月榜 ✤ !VPN ✤ !隊友,2022-08-21T14:44:59Z,https://www.twitch.tv/videos/1568440699,https://static-cdn.jtvnw.net/cf_vods/d3vd9lfkzbru3h/1f7269226532eb960edd_mayberuu_39589232743_1661093092//thumb/thumb0-%{width}x%{height}.jpg
e93bd1102e214cbaa71cc5b2e4a53595,11055,【雜談】房間大公開！聊天就不遜了吧【厄倫蒂兒．Vtuber】,2022-08-30T16:21:00Z,https://www.youtube.com/watch?v=-P03TG_AWsw,https://i.ytimg.com/vi/-P03TG_AWsw/mqdefault.jpg
fd6a0236861940389e15ef85b16c6069,11001,!!! 過幾天就開放預購周邊La ♡｜!發發｜8/10,2022-08-10T10:41:27Z,https://www.twitch.tv/videos/1557736965,https://static-cdn.jtvnw.net/cf_vods/d3vd9lfkzbru3h/015f737b3300189a3be8_hennie2001_39560032103_1660128080//thumb/thumb0-%{width}x%{height}.jpg
4b6b055ada4d4f0ab63b7ad02a3fa3ef,10942,【#龍族拼圖】ONEPIECE連動！抽卡🔥🔥｜Rumi/懶貓子,2022-09-01T13:33:33Z,https://www.youtube.com/watch?v=8NOQzbscgCs,https://i.ytimg.com/vi/8NOQzbscgCs/mqdefault.jpg
e93bd1102e214cbaa71cc5b2e4a53595,10919,【極深空計畫】最遙遠的恆星「Earendel」是我  【厄倫蒂兒．Vtuber】,2022-08-11T12:00:08Z,https://www.youtube.com/watch?v=mXlUFhA4buU,https://i.ytimg.com/vi/mXlUFhA4buU/mqdefault.jpg
1254f176d93548aca5ac7f4b53313f71,10882,#shorts #dance #TikTok #shortvideo  #shortsvtuber #TikTokhot #TikToksong #TikTokpopsong  #shortcool,2022-08-24T07:37:41Z,https://www.youtube.com/watch?v=SPVKoeDqJNk,https://i.ytimg.com/vi/SPVKoeDqJNk/mqdefault.jpg
e17f42aa104040deae2ee3f3b1e85ed8,10869,【肉肉薔蒔】 0826 肉大膽環節,2022-08-26T15:15:14Z,https://www.twitch.tv/videos/1573143325,https://static-cdn.jtvnw.net/cf_vods/d3vd9lfkzbru3h/3519fafdffd0367e32bc_aishakumo_39605789671_1661526907//thumb/thumb0-%{width}x%{height}.jpg
265a18972d244affae35711cfd1f9931,10862,🐙TAKO1921生日🐙我的客廳被禮物堆滿了QQ耐久拆禮物時間【MiroLive/塔芭絲可】,2022-08-08T16:29:26Z,https://www.youtube.com/watch?v=p7h97T84IOg,https://i.ytimg.com/vi/p7h97T84IOg/mqdefault.jpg
7a88afc5eb644d76b35ed4ca968259bb,10806,"【ASMR💛睡睡班】掏耳、梵天、舔耳, 耳舐め, Ear licking ! 1st紀念週邊預購中.. #asmr",2022-08-17T16:16:43Z,https://www.youtube.com/watch?v=qCWzOLorK7A,https://i.ytimg.com/vi/qCWzOLorK7A/mqdefault.jpg
01f26342ae4e419280bcfd6ec6e86db1,10800,【寧夏夜市】路上撿到了可以控制老闆的遙控器？遙控闆闆逛寧夏夜市！【十五號．Vtuber】,2022-08-26T11:31:19Z,https://www.youtube.com/watch?v=sgu2Wgh1iYU,https://i.ytimg.com/vi/sgu2Wgh1iYU/mqdefault.jpg
fd6a0236861940389e15ef85b16c6069,10795,屍體派對Corpse Party👻｜二周年周邊開放預購中｜!周邊｜8/22,2022-08-22T13:07:41Z,https://www.twitch.tv/videos/1569306330,https://static-cdn.jtvnw.net/cf_vods/d3vd9lfkzbru3h/21156be2190543827eb1_hennie2001_39591534359_1661173654//thumb/thumb0-%{width}x%{height}.jpg
be6c475c291d45a0a7349abdb70be20d,10776,【GTA5】制式卡賓槍M16拿取攻略法！全10處犯罪現場,2022-08-29T02:00:05Z,https://www.youtube.com/watch?v=XTIstS-67Kk,https://i.ytimg.com/vi/XTIstS-67Kk/mqdefault.jpg
9e64bba43928414884503de36f805c48,10765,8/7 | 快要DBD比賽了 6/19~8/7 生日加班台 !加班 !紋紋證交所 !股票 !YT,2022-08-06T19:34:14Z,https://www.twitch.tv/videos/1554280569,https://static-cdn.jtvnw.net/cf_vods/d3vd9lfkzbru3h/13e5ea01f52cfef4338c_wen620_39550392263_1659814447//thumb/thumb0-%{width}x%{height}.jpg
7c06b9e316ce4ac18ce836cd72442bbe,10648,【健身環Day07】起床運動！【浠Mizuki Game】,2022-08-25T03:24:49Z,https://www.youtube.com/watch?v=BYX0U0G7-XU,https://i.ytimg.com/vi/BYX0U0G7-XU/mqdefault.jpg
4b6b055ada4d4f0ab63b7ad02a3fa3ef,10639,【#Rumi3D】コットンキャンディえいえいおー！ #shorts｜Rumi/懶貓子,2022-08-24T07:00:13Z,https://www.youtube.com/watch?v=LNcTfdTLj5k,https://i.ytimg.com/vi/LNcTfdTLj5k/mqdefault.jpg
fd6a0236861940389e15ef85b16c6069,10629,先恐鬼再繼續邪靈(´;ω;`) 👻｜二周年周邊預購中(預計九月中出貨)｜!周邊 !合作精華｜8/30,2022-08-30T12:22:27Z,https://www.twitch.tv/videos/1576861577,https://static-cdn.jtvnw.net/cf_vods/d3vd9lfkzbru3h/3a91a8f8b0e3ee83b614_hennie2001_39622705447_1661862139//thumb/thumb0-%{width}x%{height}.jpg
5535c9524eb046c38e172ebfa06b302f,10622,【戰雙帕彌什】⭐2周年改版活動懶人包▸自選S角該選誰？黑卡首儲翻倍重置啦！超帥庫洛姆意識&周年紀念塗裝一定要到手！▹璐洛洛◃,2022-08-26T13:30:12Z,https://www.youtube.com/watch?v=fLB5JixwS0o,https://i.ytimg.com/vi/fLB5JixwS0o/mqdefault.jpg
265a18972d244affae35711cfd1f9931,10609,🐙睡覺工作台🐙我發現最近都睡不好 可以陪我一起睡嗎 💕 【MiroLive/塔芭絲可】,2022-08-04T05:34:39Z,https://www.youtube.com/watch?v=RGLDdJkJ64w,https://i.ytimg.com/vi/RGLDdJkJ64w/mqdefault.jpg
f6a4e7aa8d0c4e5cb39d199845ec4d02,10408,ヴぁろらんと初心者 @3,2022-08-30T07:05:27Z,https://www.twitch.tv/videos/1576736343,https://static-cdn.jtvnw.net/cf_vods/d3vd9lfkzbru3h/5b2e2f598bebbb209615_vtuber_amiru_39621476215_1661843120//thumb/thumb0-%{width}x%{height}.jpg
4b6b055ada4d4f0ab63b7ad02a3fa3ef,10402,【#瑪利歐賽車8DX】聴衆參加型～～！一起玩瑪利歐賽車！！｜Rumi/懶貓子,2022-08-11T15:03:14Z,https://www.youtube.com/watch?v=ZM3WYk4l8NE,https://i.ytimg.com/vi/ZM3WYk4l8NE/mqdefault.jpg
2741a90689f342548daad7f760b0a8f7,10361,【中元普渡生日大會】希翁宮 - 死靈大帝主辦【希翁／Chion】,2022-08-15T18:50:18Z,https://www.youtube.com/watch?v=VB3drUyPShs,https://i.ytimg.com/vi/VB3drUyPShs/mqdefault.jpg
01f26342ae4e419280bcfd6ec6e86db1,10278,【特別企劃】特效魔術師！YouTuber「六指淵」訪談 with @六指淵 Huber @Amrzs ch. 阿爾姿 【十五號．Vtuber】,2022-08-16T14:17:24Z,https://www.youtube.com/watch?v=Ng2qtEeqxTk,https://i.ytimg.com/vi/Ng2qtEeqxTk/mqdefault.jpg
9d9c6477329245cbb2557895f4f15686,10244,08/23 晚上八點要工商吶♥ !週年慶,2022-08-23T08:11:40Z,https://www.twitch.tv/videos/1570107817,https://static-cdn.jtvnw.net/cf_vods/d3vd9lfkzbru3h/00a383ef25d52d0fc6bc_iitifox_39593338231_1661242293//thumb/thumb0-%{width}x%{height}.jpg
8b027d3a3f374c9c8398b6dd751e5018,10205,💕加班8/8-8/30💕女鬼橋💦ヘ| ´ω｀ |ﾉ｜!加班 !coda,2022-08-29T13:00:45Z,https://www.twitch.tv/videos/1575956135,https://static-cdn.jtvnw.net/cf_vods/d3vd9lfkzbru3h/e1894adf6ab83205e34f_lisheng_tw_39618553079_1661778035//thumb/thumb0-%{width}x%{height}.jpg
b126053a1356460ebf85a874a6a55aca,10008,洪孟楷親自說明柬埔寨救人始末｜數位中介法惹火大眾！政府縮了 🍓20220819　#高雄林小姐 #Vtuber​​​​ #台灣Vtuber​​​ #台V​​,2022-08-19T13:14:54Z,https://www.youtube.com/watch?v=BWOCI0picsQ,https://i.ytimg.com/vi/BWOCI0picsQ/mqdefault.jpg
ee0763f3339d45b493bf45488a8e7701,9954,【梓芊🐰】| 8/21 gartic phone 繪畫聯動 一堆繪師一起玩遊戲 !who ฅ●ω●ฅ   | !梓芊 3千訂閱目標達成視訊精神病院2遊玩時間另行公告 | 感謝大家對於活動的支持謝謝你們~,2022-08-21T15:02:15Z,https://www.twitch.tv/videos/1568453352,https://static-cdn.jtvnw.net/cf_vods/d3vd9lfkzbru3h/5d78536a07d1f9984aa5_pandora0407_39589281879_1661094127//thumb/thumb0-%{width}x%{height}.jpg
4b6b055ada4d4f0ab63b7ad02a3fa3ef,9934,【3D cover】未知未踏アルスハイル【#Rumi3D】【CC字幕】｜Rumi/懶貓子,2022-08-17T14:07:59Z,https://www.youtube.com/watch?v=X1T4tqdlrZQ,https://i.ytimg.com/vi/X1T4tqdlrZQ/mqdefault.jpg
5535c9524eb046c38e172ebfa06b302f,9905,🟠3D LIVE【鬼月の海龜湯】I Want To Play A Game...沒揭開湯底的VTuber都將逃不出這裡... ▹璐洛洛◃,2022-08-19T14:18:59Z,https://www.youtube.com/watch?v=Q1__fQV1Qu0,https://i.ytimg.com/vi/Q1__fQV1Qu0/mqdefault.jpg
9d9c6477329245cbb2557895f4f15686,9855,08/17 打工 !週年慶,2022-08-17T14:11:22Z,https://www.twitch.tv/videos/1564553780,https://static-cdn.jtvnw.net/cf_vods/d3vd9lfkzbru3h/ea6db25dad887a27da2a_iitifox_39577544231_1660745477//thumb/thumb0-%{width}x%{height}.jpg
f6a4e7aa8d0c4e5cb39d199845ec4d02,9833,【omori】再過三天....初見PLAY part.2,2022-08-03T19:51:42Z,https://www.youtube.com/watch?v=AXqEjM5GaOY,https://i.ytimg.com/vi/AXqEjM5GaOY/mqdefault.jpg
a3ce195c0069494c99849d0b1a10a7fd,9799,逃避問題ㄉ方法,2022-08-22T10:44:10Z,https://www.youtube.com/watch?v=-rpdrPDPXY0,https://i.ytimg.com/vi/-rpdrPDPXY0/mqdefault.jpg
77e980ab542a4db6a34b5ac9c8f3948b,9731,【初配信】➰初次見面、歡迎回來🌟｜黒羊める KuroyoMeru,2022-08-31T14:45:01Z,https://www.youtube.com/watch?v=qPvlyQ6Il-w,https://i.ytimg.com/vi/qPvlyQ6Il-w/mqdefault.jpg
f18407d79b4b43ffa6adf629d1723a8f,9722,【雜談】划酒拳雜談 ! 學姊手下留情...我是真不會喝 ! feat.烏庫魯尼魯【不夜皇FuyaSumeragi・VTuber】,2022-08-04T14:47:56Z,https://www.youtube.com/watch?v=KVhLjmT0IfA,https://i.ytimg.com/vi/KVhLjmT0IfA/mqdefault.jpg
e113ace92bbe445385bcc4635a9ca570,9683,【七夕情話】User和平平子的撩撩攻防戰⚡用3DIO會戰力提升嗎！？,2022-08-07T20:02:06Z,https://www.youtube.com/watch?v=TUaQzKouBmU,https://i.ytimg.com/vi/TUaQzKouBmU/mqdefault.jpg
ea4c1a67c2e445ad8028768616ceb659,9676,【FGO女梅林100抽！】100連抽！究竟能不能抽到女梅林泳裝呢！拜託你了レディアヴァロン！另外有代抽時間！【洛可洛斯特 / VTUBER】,2022-08-10T16:36:07Z,https://www.youtube.com/watch?v=j8QB5Sdopu0,https://i.ytimg.com/vi/j8QB5Sdopu0/mqdefault.jpg
3809ec8a42634d11aa1b7b8f99755c6a,9663,【花花】 8/23  工作環節 27-28抽獎 記得來  ✤ !YT ✤ !委託 ✤ !月榜 ✤ !VPN ✤ !隊友,2022-08-23T04:36:43Z,https://www.twitch.tv/videos/1570029783,https://static-cdn.jtvnw.net/cf_vods/d3vd9lfkzbru3h/79ba879272ef37827e7f_mayberuu_39592935511_1661229396//thumb/thumb0-%{width}x%{height}.jpg
e93bd1102e214cbaa71cc5b2e4a53595,9618,【初配信降臨08.29/19:30】ド屑 DOKUZU 【厄倫蒂兒．Vtuber】#shorts,2022-08-15T12:00:09Z,https://www.youtube.com/watch?v=apdc6zUmmaQ,https://i.ytimg.com/vi/apdc6zUmmaQ/mqdefault.jpg
f6a4e7aa8d0c4e5cb39d199845ec4d02,9564,棉花糖Q&A【雜談】,2022-08-06T16:16:12Z,https://www.youtube.com/watch?v=UyOLT2ddCXo,https://i.ytimg.com/vi/UyOLT2ddCXo/mqdefault.jpg
7c06b9e316ce4ac18ce836cd72442bbe,9560,【官方精華】小狐狸初配信！生日禮物拆封精華【浠Mizuki】,2022-08-05T12:00:39Z,https://www.youtube.com/watch?v=qeHX-CF0SZs,https://i.ytimg.com/vi/qeHX-CF0SZs/mqdefault.jpg
423dd7da92be47f4af7273c5f74efb27,9540,Fei. 我是蚵仔富豪😇 6點準時(?)團練 | 訂閱福利倒數2天 !活動 🔥 !比賽 !YT !VPN | 8/29,2022-08-29T08:28:55Z,https://www.twitch.tv/videos/1575840392,https://static-cdn.jtvnw.net/cf_vods/d3vd9lfkzbru3h/e6941b5892709f70bf38_fei_z_39617372407_1661761729//thumb/thumb0-%{width}x%{height}.jpg
1a95bb88e451498ca3491b69af964588,9535,8/27 !接單 小開  | !徵片師 !陪玩 !剪輯 |,2022-08-27T18:30:50Z,https://www.twitch.tv/videos/1574309000,https://static-cdn.jtvnw.net/cf_vods/d3vd9lfkzbru3h/364aa59c51ecdf0cb2e2_hsuanhsuandesu_39611034215_1661625043//thumb/thumb0-%{width}x%{height}.jpg
01f26342ae4e419280bcfd6ec6e86db1,9528,【遊戲實況】我玩我自己！瀕臨絕種團聯動（白貓Project）【十五號．Vtuber】,2022-08-08T16:04:29Z,https://www.youtube.com/watch?v=V8kIax7iUyI,https://i.ytimg.com/vi/V8kIax7iUyI/mqdefault.jpg
7c06b9e316ce4ac18ce836cd72442bbe,9509,【官方精華】逆壓迫面試 究竟誰是情勒王？ ft.嗚夫沃夫 / 社長Kuma / 奶哥 / 洛可洛斯特/虧妮史塔克 【浠Mizuki 連動精華】,2022-08-31T12:00:16Z,https://www.youtube.com/watch?v=bJHr7w1y0hw,https://i.ytimg.com/vi/bJHr7w1y0hw/mqdefault.jpg
2e266a71aa3d4a67bb8d9a2a0b573319,9502,０８１７ (三) 早上好 | !YT !加班 !中秋活動 !八月活動 !魚幣比值 !發發活動 !Line,2022-08-17T00:11:55Z,https://www.twitch.tv/videos/1564087610,https://static-cdn.jtvnw.net/cf_vods/d3vd9lfkzbru3h/8f9255307a3d897fbd65_ziifish_39575611431_1660695106//thumb/thumb0-%{width}x%{height}.jpg
f6a4e7aa8d0c4e5cb39d199845ec4d02,9470,《幻塔》拯救艾達星達人杏仁咪嚕上線！今天要來挑戰單人副本啦！,2022-08-16T14:18:43Z,https://www.youtube.com/watch?v=A2Ec16HkMuE,https://i.ytimg.com/vi/A2Ec16HkMuE/mqdefault.jpg
5d00575c06d74f588238857d7dec1b02,9462,波波變大才有乳溝 #小魔女DoReMi,2022-08-19T05:53:43Z,https://www.youtube.com/watch?v=8zIinKL3j-s,https://i.ytimg.com/vi/8zIinKL3j-s/mqdefault.jpg
f18407d79b4b43ffa6adf629d1723a8f,9415,【不夜迷因鑑賞】白ㄔㄛ！來看看夜皇素平常都產什麼垃圾【不夜皇FuyaSumeragi・VTuber】,2022-08-29T02:38:31Z,https://www.youtube.com/watch?v=y7oyr1xYSvk,https://i.ytimg.com/vi/y7oyr1xYSvk/mqdefault.jpg
be6c475c291d45a0a7349abdb70be20d,9383,【GTA5實況】來看西門車店開車展！犯罪企業 The Criminal Enterprises,2022-08-05T16:31:36Z,https://www.youtube.com/watch?v=rdLluYfYXd8,https://i.ytimg.com/vi/rdLluYfYXd8/mqdefault.jpg
3f4650e05ceb41008bd16869780b7af1,9357,【貓咪研究室】貓咪們的暑假來了！全是妹子的轉蛋 超可愛超婆的轉蛋 甚麼 你說有奇怪的東西亂入!? 夏日美少女團轉蛋介紹《水羽 ほむら》【貓咪大戰爭】,2022-08-11T11:21:12Z,https://www.youtube.com/watch?v=VUX3LmkhRpc,https://i.ytimg.com/vi/VUX3LmkhRpc/mqdefault.jpg
ea4c1a67c2e445ad8028768616ceb659,9351,【涼宮春日の歌回】八月要結束了，只會唱兩首歌唱完我們就關台喔【洛可洛斯特 / VTUBER】,2022-08-30T16:50:09Z,https://www.youtube.com/watch?v=9wWtl2wvwW8,https://i.ytimg.com/vi/9wWtl2wvwW8/mqdefault.jpg
f6a4e7aa8d0c4e5cb39d199845ec4d02,9318,CSO絕對武力14th - 咪嚕的粉屍見面會🌼最暴力最爽快的FANSA,2022-08-05T14:05:58Z,https://www.youtube.com/watch?v=Q4Mgt1__VsY,https://i.ytimg.com/vi/Q4Mgt1__VsY/mqdefault.jpg
265a18972d244affae35711cfd1f9931,9301,🐙3萬訂閱慶祝加班台🐙來啊 加班阿 來啊 新家募資嘿嘿(加班規則看資訊區)【MiroLive/塔芭絲可】,2022-08-22T17:04:48Z,https://www.youtube.com/watch?v=AGensK6BYLc,https://i.ytimg.com/vi/AGensK6BYLc/mqdefault.jpg
494d2c5daf9f4a8a8e4538687e6be14c,9270,【HEY YOU❤️】30秒認識這隻可愛兔兔 | 高清(楚)【兔姬UsagiHime | 惡兔重工】,2022-08-03T09:55:22Z,https://www.youtube.com/watch?v=DRIputbjpjY,https://i.ytimg.com/vi/DRIputbjpjY/mqdefault.jpg
95f8bb8a92c1450b8b5993f740b39338,9261,"""i swear to god if i get fischl""",2022-08-29T13:00:31Z,https://www.youtube.com/watch?v=fnhOQ3toXtE,https://i.ytimg.com/vi/fnhOQ3toXtE/mqdefault.jpg
f6a4e7aa8d0c4e5cb39d199845ec4d02,9247,【omori】再..過2天?! 初見PLAY part.4,2022-08-25T12:08:05Z,https://www.youtube.com/watch?v=JAQa4d-sCzA,https://i.ytimg.com/vi/JAQa4d-sCzA/mqdefault.jpg
fd6a0236861940389e15ef85b16c6069,9228,港鬼實錄玩完再屍體派對👻｜二周年周邊開放預購中｜!周邊｜8/24,2022-08-24T14:07:35Z,https://www.twitch.tv/videos/1571246642,https://static-cdn.jtvnw.net/cf_vods/d3vd9lfkzbru3h/00ab7d6d34ff810cf0b1_hennie2001_39597400487_1661350047//thumb/thumb0-%{width}x%{height}.jpg
7c06b9e316ce4ac18ce836cd72442bbe,9192,【歌枠】動物曲限定歌回 + 一周年告知事項【浠Mizuki Karaoke】!dc、!周邊、!斗內、!YT、!推特、!點歌、!投票,2022-08-27T13:00:20Z,https://www.twitch.tv/videos/1574055799,https://static-cdn.jtvnw.net/cf_vods/d3vd9lfkzbru3h/2faad972ccaa1f6fe389_mizukimilk723_39609613863_1661605214//thumb/thumb0-%{width}x%{height}.jpg
423dd7da92be47f4af7273c5f74efb27,9172,Fei. 睡昏 ( ˶´⚰︎`˵ )  !比賽 | 訂閱福利請看 !活動 🔥 !YT !VPN | 8/27,2022-08-27T07:09:31Z,https://www.twitch.tv/videos/1573900526,https://static-cdn.jtvnw.net/cf_vods/d3vd9lfkzbru3h/9e784cf00df249c8faa3_fei_z_39608226183_1661584164//thumb/thumb0-%{width}x%{height}.jpg
01f26342ae4e419280bcfd6ec6e86db1,9116,【作業雜談】做作業跟封面圖（可能不會一直說話）【十五號．Vtuber】,2022-08-24T18:29:54Z,https://www.youtube.com/watch?v=XlahLjCMRHo,https://i.ytimg.com/vi/XlahLjCMRHo/mqdefault.jpg
8a4988902b5640e6ae1829285307c636,9034,【特別企劃】熊鼠吃吃喝喝！寧夏夜市小吃大挑戰，究竟能否吃完20攤呢？！【歐貝爾．Vtuber】feat.@祈菈‧貝希毛絲 ch.Narrator / STORIA,2022-08-25T14:29:42Z,https://www.youtube.com/watch?v=ZioUfih0PnI,https://i.ytimg.com/vi/ZioUfih0PnI/mqdefault.jpg
1c5619a4ece046dd8ba68ed343489ca3,9009,【Vtuber不心動挑戰】誰說男人只愛巨⭕，紳士連小妹妹都不放過❗〈御姐🆚蘿莉〉輸了就喝苦瓜汁🥒🥒,2022-08-14T13:30:08Z,https://www.youtube.com/watch?v=a4Urwj6U22o,https://i.ytimg.com/vi/a4Urwj6U22o/mqdefault.jpg
423dd7da92be47f4af7273c5f74efb27,8999,Fei. 感謝大家 ·͜·♡ DBD Day6 | !活動 !比賽 !YT !VPN | 8/9,2022-08-09T04:26:27Z,https://www.twitch.tv/videos/1556612684,https://static-cdn.jtvnw.net/cf_vods/d3vd9lfkzbru3h/5c1c27a1e3c8975fa5f4_fei_z_39556459255_1660019181//thumb/thumb0-%{width}x%{height}.jpg
fd6a0236861940389e15ef85b16c6069,8990,女鬼橋 開路魂👻｜二周年周邊預購中(預計九月中出貨)｜!周邊｜8/25,2022-08-25T13:35:20Z,https://www.twitch.tv/videos/1572131566,https://static-cdn.jtvnw.net/cf_vods/d3vd9lfkzbru3h/589bbe75dde94ecc9d9c_hennie2001_39600935095_1661434515//thumb/thumb0-%{width}x%{height}.jpg
9d9c6477329245cbb2557895f4f15686,8930,08/30 等熱舞社開門,2022-08-30T09:02:31Z,https://www.twitch.tv/videos/1576774240,https://static-cdn.jtvnw.net/cf_vods/d3vd9lfkzbru3h/526ba322a985a2152023_iitifox_39621820439_1661850144//thumb/thumb0-%{width}x%{height}.jpg
2e266a71aa3d4a67bb8d9a2a0b573319,8910,０８１６ (二) 早上好 | !YT !加班 !中秋活動 !八月活動 !魚幣比值 !發發活動 !Line,2022-08-16T00:22:16Z,https://www.twitch.tv/videos/1563140677,https://static-cdn.jtvnw.net/cf_vods/d3vd9lfkzbru3h/f6eeecf504016848db09_ziifish_39572884375_1660609327//thumb/thumb0-%{width}x%{height}.jpg
1c5619a4ece046dd8ba68ed343489ca3,8863,【李聽】三女一受💕糖豆少女團出動❗@hikari ch.緋夏理光 @魚仔當家 @仙女閃閃 ｜Vtuber,2022-08-09T16:33:22Z,https://www.youtube.com/watch?v=hxP-FsfhySs,https://i.ytimg.com/vi/hxP-FsfhySs/mqdefault.jpg
494d2c5daf9f4a8a8e4538687e6be14c,8851,【扯週報 SP1】欸不是人不能來你要先講啊??? 這五星餐點怎麼像是早餐店漢堡蛋?  Ft. 菜包【兔姬UsagiHime | 惡兔重工】,2022-08-28T16:25:43Z,https://www.youtube.com/watch?v=e1eCAdq-Qvc,https://i.ytimg.com/vi/e1eCAdq-Qvc/mqdefault.jpg
423dd7da92be47f4af7273c5f74efb27,8819,Fei. 7點比賽🥳 !比賽 一分鐘延遲！ | 訂閱福利請看 !活動 🔥 發發活動最後一天💗 !VPN | 8/20,2022-08-20T10:42:42Z,https://www.twitch.tv/videos/1567321788,https://static-cdn.jtvnw.net/cf_vods/d3vd9lfkzbru3h/c264d0417367e32033ea_fei_z_39585385735_1660992157//thumb/thumb0-%{width}x%{height}.jpg
2741a90689f342548daad7f760b0a8f7,8815,【～與希翁的甜蜜約會～】BETA版公測！後面版權砲前限定歌回？【希翁／Chion】,2022-08-17T16:26:50Z,https://www.youtube.com/watch?v=zlhKOP5sDQc,https://i.ytimg.com/vi/zlhKOP5sDQc/mqdefault.jpg
6c88799c6f45407faf0f9ea007b0dcab,8802,【FGO】2022泳裝池！阿瓦隆女士姍姍來遲，終於等到你實裝啦!! 這次要多少石頭才能把女梅林帶回家呢...《鷲峰良》,2022-08-14T16:29:17Z,https://www.youtube.com/watch?v=-1OV4EdfmoM,https://i.ytimg.com/vi/-1OV4EdfmoM/mqdefault.jpg
2e266a71aa3d4a67bb8d9a2a0b573319,8778,０８１５ (一)  2ㄏ | !YT !加班 !中秋活動 !八月活動 !魚幣比值 !發發活動 !Line,2022-08-15T04:32:54Z,https://www.twitch.tv/videos/1562392903,https://static-cdn.jtvnw.net/cf_vods/d3vd9lfkzbru3h/734cbc6bae984aa295da_ziifish_39570536519_1660537964//thumb/thumb0-%{width}x%{height}.jpg
f6a4e7aa8d0c4e5cb39d199845ec4d02,8741,【原神3.0】草神妹眉太可愛惹我先去牽紅線【杏仁ミル】,2022-08-31T16:23:47Z,https://www.youtube.com/watch?v=51qVh3ZC7i4,https://i.ytimg.com/vi/51qVh3ZC7i4/mqdefault.jpg
590a2bca0051444fb98915e5d761d47c,8692,【AirLife】每天五小自動起床 謝囉  !新翻唱｜!精華 !六等星 ｜ #Vtype #小森未央,2022-08-21T00:33:16Z,https://www.twitch.tv/videos/1567954314,https://static-cdn.jtvnw.net/cf_vods/d3vd9lfkzbru3h/134326340787f8bc7074_komorimio_39587103991_1661041989//thumb/thumb0-%{width}x%{height}.jpg
423dd7da92be47f4af7273c5f74efb27,8665,Fei. 無情的練習機器 ⸜(  ᐢ ᵕ ᐢ )⸝ 8點團練🔥 | !活動 !比賽 !VPN | 8/16,2022-08-16T06:36:58Z,https://www.twitch.tv/videos/1563393351,https://static-cdn.jtvnw.net/cf_vods/d3vd9lfkzbru3h/818a8acd976bf0bda194_fei_z_39573480903_1660631813//thumb/thumb0-%{width}x%{height}.jpg
01f26342ae4e419280bcfd6ec6e86db1,8652,【遊戲實況】默契培養台 with @Padko ch. 平平子  @Amrzs ch. 阿爾姿 （Apex Legends）【十五號．Vtuber】,2022-08-19T19:47:35Z,https://www.youtube.com/watch?v=ikKq73qzFDU,https://i.ytimg.com/vi/ikKq73qzFDU/mqdefault.jpg
5535c9524eb046c38e172ebfa06b302f,8644,🔴【#賽馬娘】滿突『八重無敵』我來了！幫大課長代抽~ 小北前程四井的洛洛這次能否捲土重來？ Ft. @小雪Yukichan Ch.  ▹璐洛洛◃,2022-08-30T16:21:23Z,https://www.youtube.com/watch?v=pz2GWXDEXLU,https://i.ytimg.com/vi/pz2GWXDEXLU/mqdefault.jpg
fd6a0236861940389e15ef85b16c6069,8629,邪教羊Day3 ~  ♡｜二周年周邊開放預購中｜!發發!周邊 !入羊教｜8/16,2022-08-16T14:49:08Z,https://www.twitch.tv/videos/1563616040,https://static-cdn.jtvnw.net/cf_vods/d3vd9lfkzbru3h/42b63eb514ef4a950d14_hennie2001_39574899319_1660661343//thumb/thumb0-%{width}x%{height}.jpg
8a4988902b5640e6ae1829285307c636,8576,【broforce】激情與碰撞，兄貴之力請賜予我們力量，啊嘶【歐貝爾．Vtuber】feat.@祈菈‧貝希毛絲 ch.Narrator / STORIA @No.Fifteen Ch. 十五號,2022-08-09T17:16:02Z,https://www.youtube.com/watch?v=jcH0FtSUXDM,https://i.ytimg.com/vi/jcH0FtSUXDM/mqdefault.jpg
7a88afc5eb644d76b35ed4ca968259bb,8564,"【ASMR💛APEX】Ear licking, 舔耳, 耳舐め ! 好久沒舔",2022-08-26T16:59:47Z,https://www.youtube.com/watch?v=RRPeYOqawSk,https://i.ytimg.com/vi/RRPeYOqawSk/mqdefault.jpg
fd6a0236861940389e15ef85b16c6069,8517,邪靈入侵 The Evil Within👻｜二周年周邊預購中(預計九月中出貨)｜!周邊｜8/26,2022-08-26T14:29:33Z,https://www.twitch.tv/videos/1573111818,https://static-cdn.jtvnw.net/cf_vods/d3vd9lfkzbru3h/05edde3beee2edbf2a43_hennie2001_39605560007_1661524167//thumb/thumb0-%{width}x%{height}.jpg
1c5619a4ece046dd8ba68ed343489ca3,8469,跟女森打賭❗輸了就嬌喘❗❗【糖豆人實況主挑戰賽-Vtuber盃】@櫻坂くりこ,2022-08-19T10:02:47Z,https://www.youtube.com/watch?v=8wisDU2Jwds,https://i.ytimg.com/vi/8wisDU2Jwds/mqdefault.jpg
1c5619a4ece046dd8ba68ed343489ca3,8467,台灣第一男性Vtuber有幾公分❓,2022-08-17T12:01:57Z,https://www.youtube.com/watch?v=fBlqPopsb9k,https://i.ytimg.com/vi/fBlqPopsb9k/mqdefault.jpg
be6c475c291d45a0a7349abdb70be20d,8454,【GTA5】ULP：情報收集 | 飛跡行動 第一關 | 犯罪企業 The Criminal Enterprises,2022-08-03T14:00:38Z,https://www.youtube.com/watch?v=O1_FeDNURFo,https://i.ytimg.com/vi/O1_FeDNURFo/mqdefault.jpg
3809ec8a42634d11aa1b7b8f99755c6a,8424,【花花】 8/29 WML 這相機怎麼可以這麼CARRY    新貼圖 幫幫偶>< 工作環節 27-28抽獎 記得來  ✤ !YT ✤ !委託 ✤ !月榜 ✤ !VPN ✤ !隊友,2022-08-29T11:13:09Z,https://www.twitch.tv/videos/1575900512,https://static-cdn.jtvnw.net/cf_vods/d3vd9lfkzbru3h/565880b318e6cd7d0c64_mayberuu_39618000375_1661771582//thumb/thumb0-%{width}x%{height}.jpg
f110fd69b66941bab04de9ada563c6ac,8422,【雜談】睡前過來聊一下啊～♥【AoiHinamori】,2022-08-09T15:27:04Z,https://www.youtube.com/watch?v=138zenVjZf8,https://i.ytimg.com/vi/138zenVjZf8/mqdefault.jpg
5fb934ba9c8642d1bf932cb58a43f60d,8413,【初配信】咚磅~的出發囉！【米可靈靈】,2022-08-26T14:28:05Z,https://www.youtube.com/watch?v=Ub5BDoHP6uc,https://i.ytimg.com/vi/Ub5BDoHP6uc/mqdefault.jpg
ea4c1a67c2e445ad8028768616ceb659,8389,【真實存在的鬼故事朗讀！？】夏天到了果然是要一群人聚在一起說鬼故事的時候了吧！？　/ 洛可洛斯特FT. 露恰露恰﹑繆・索緹絲﹑光逸 幸,2022-08-14T14:46:23Z,https://www.youtube.com/watch?v=Cpmzv3BNp0Y,https://i.ytimg.com/vi/Cpmzv3BNp0Y/mqdefault.jpg
a17fcdf32a124beba3fba16299aed2b3,8376,8/8 加班台x發發集氣｜恐怖遊戲連播｜!委託 !YT !歌單 !加班,2022-08-08T13:05:59Z,https://www.twitch.tv/videos/1555871928,https://static-cdn.jtvnw.net/cf_vods/d3vd9lfkzbru3h/8538821e2b45db26d589_chikayan_39555053815_1659963952//thumb/thumb0-%{width}x%{height}.jpg
265a18972d244affae35711cfd1f9931,8355,TAKOASMR: ASMR-舒眠向💓記得戴耳機唷~讓姊姊好好幫你按摩💓【MiroLive/塔芭絲可】,2022-08-24T16:51:10Z,https://www.youtube.com/watch?v=byfvVwlGEIE,https://i.ytimg.com/vi/byfvVwlGEIE/mqdefault.jpg
04d2ff1dde6b4bb68503a734274f4b7e,8348,【突發】ASMR睡前雜談 | 名為台詞回反省會的睡前聊天時間...,2022-08-20T16:28:27Z,https://www.youtube.com/watch?v=pq78D7pIdPM,https://i.ytimg.com/vi/pq78D7pIdPM/mqdefault.jpg
423dd7da92be47f4af7273c5f74efb27,8320,Fei. 不可能的任務 練練 D5 ·͜·♡ !活動 | !比賽 !YT !VPN | 8/8,2022-08-08T04:54:28Z,https://www.twitch.tv/videos/1555678390,https://static-cdn.jtvnw.net/cf_vods/d3vd9lfkzbru3h/8835164e9e1334da8b5f_fei_z_39553813367_1659934461//thumb/thumb0-%{width}x%{height}.jpg
7c06b9e316ce4ac18ce836cd72442bbe,8260,SUKIDAYO❤ #shorts #浠Mizuki,2022-08-08T01:00:06Z,https://www.youtube.com/watch?v=XPy_pyfBJ9s,https://i.ytimg.com/vi/XPy_pyfBJ9s/mqdefault.jpg
6c88799c6f45407faf0f9ea007b0dcab,8253,【賽馬娘】第零屆-東域馬的娘友誼盃火熱開打!!說好的友善交流呢??/ウマ娘《鷲峰良》,2022-08-24T15:51:57Z,https://www.youtube.com/watch?v=CBfRe73k1-o,https://i.ytimg.com/vi/CBfRe73k1-o/mqdefault.jpg
04d2ff1dde6b4bb68503a734274f4b7e,8222,【突發】飲酒雜談 | 再次挑戰棉花糖!!,2022-08-17T16:50:18Z,https://www.youtube.com/watch?v=-UDJv_Qqohg,https://i.ytimg.com/vi/-UDJv_Qqohg/mqdefault.jpg
2741a90689f342548daad7f760b0a8f7,8214,【夜勤病棟】（抱歉各位麥壞掉）戰鬥吧！啥都念！會員開通慶祝台詞回【希翁／Chion】,2022-08-13T21:01:40Z,https://www.youtube.com/watch?v=SjGw9BcfGto,https://i.ytimg.com/vi/SjGw9BcfGto/mqdefault.jpg
5535c9524eb046c38e172ebfa06b302f,8211,🔵LIVE【彈射世界】超香連動《RE:從零開始的異世界生活》！雷姆歐非PK決戰！登入直接領3000星導石！ Ft. @小雪Yukichan Ch.  ▹璐洛洛◃,2022-08-20T15:11:06Z,https://www.youtube.com/watch?v=RkjayNpml1A,https://i.ytimg.com/vi/RkjayNpml1A/mqdefault.jpg
1a95bb88e451498ca3491b69af964588,8188,8/15 阿白 | !集氣 !陪玩 !剪輯  !VPN !LINE群 |,2022-08-15T07:57:52Z,https://www.twitch.tv/videos/1562471750,https://static-cdn.jtvnw.net/cf_vods/d3vd9lfkzbru3h/97dfe302e8f4ce849622_hsuanhsuandesu_39570963159_1660550267//thumb/thumb0-%{width}x%{height}.jpg
04d2ff1dde6b4bb68503a734274f4b7e,8185,【慶祝歌酒回】唱不好就罰一杯 !! 慶祝會員開通，一起來過七夕吧♡,2022-08-04T15:39:11Z,https://www.youtube.com/watch?v=8l42Jgy23bQ,https://i.ytimg.com/vi/8l42Jgy23bQ/mqdefault.jpg
fd6a0236861940389e15ef85b16c6069,8143,"屍體派對Corpse Party P,2👻｜二周年周邊開放預購中｜!周邊｜8/2ˇ3",2022-08-23T14:09:15Z,https://www.twitch.tv/videos/1570273271,https://static-cdn.jtvnw.net/cf_vods/d3vd9lfkzbru3h/6f12da192deedee3f83a_hennie2001_39594456743_1661263748//thumb/thumb0-%{width}x%{height}.jpg
265a18972d244affae35711cfd1f9931,8089,🐙深夜工作臺🐙繼續製作紙人偶再繼續工作吧【MiroLive/塔芭絲可】,2022-08-09T19:47:40Z,https://www.youtube.com/watch?v=1hkpMCqyglo,https://i.ytimg.com/vi/1hkpMCqyglo/mqdefault.jpg
f6a4e7aa8d0c4e5cb39d199845ec4d02,8085,早安的教團都市規劃ing !入教,2022-08-19T02:37:25Z,https://www.twitch.tv/videos/1566116818,https://static-cdn.jtvnw.net/cf_vods/d3vd9lfkzbru3h/0615d4d54c3bfc3dd11c_vtuber_amiru_39581336343_1660876639//thumb/thumb0-%{width}x%{height}.jpg
8a4988902b5640e6ae1829285307c636,8068,【特殊企劃】還不給我跪下，沒看到你們的隊長來了嗎？【歐貝爾．Vtuber】罵倒回Part.2,2022-08-11T15:12:47Z,https://www.youtube.com/watch?v=hah95C0iP3k,https://i.ytimg.com/vi/hah95C0iP3k/mqdefault.jpg
1a95bb88e451498ca3491b69af964588,8060,8/14 !觀眾場 打到死 | !集氣 !陪玩 !剪輯  !VPN !LINE群 |,2022-08-13T22:42:10Z,https://www.twitch.tv/videos/1561179524,https://static-cdn.jtvnw.net/cf_vods/d2nvs31859zcd8/48ca80650f047c28fc08_hsuanhsuandesu_41116663979_1660430526//thumb/thumb0-%{width}x%{height}.jpg
e150e350532b4327b26989dd43cd3bad,8045,【伊甸飲酒伺服器】來為汪汪犬找食物 !! 艾比的殭屍尋找日記。丨艾比 . Post Rabi,2022-08-10T16:41:09Z,https://www.youtube.com/watch?v=a-XFS8PdKB8,https://i.ytimg.com/vi/a-XFS8PdKB8/mqdefault.jpg
9d9c6477329245cbb2557895f4f15686,8045,08/26 嗯？明天喝酒歌回 !週年慶,2022-08-26T08:53:06Z,https://www.twitch.tv/videos/1572942062,https://static-cdn.jtvnw.net/cf_vods/d3vd9lfkzbru3h/1c2cdf0f7a108b54001f_iitifox_39603975511_1661503981//thumb/thumb0-%{width}x%{height}.jpg
7c06b9e316ce4ac18ce836cd72442bbe,8028,【感謝雑談】一周年合唱祭回顧 ＆ SC朗讀【浠Mizuki Free Talk】!dc、!周邊、!斗內、!YT、!推特、!點歌、!投票,2022-08-29T13:48:17Z,https://www.twitch.tv/videos/1575984476,https://static-cdn.jtvnw.net/cf_vods/d3vd9lfkzbru3h/4a28857e9dc198a1cc3b_mizukimilk723_39618824759_1661780892//thumb/thumb0-%{width}x%{height}.jpg
f18407d79b4b43ffa6adf629d1723a8f,8023,【Witch It】聽說是很酷的躲貓貓遊戲，但我不知道要怎麼玩，欸嘿O.＜ ft.奶哥伺服器好朋友【不夜皇FuyaSumeragi・VTuber】,2022-08-21T16:18:50Z,https://www.youtube.com/watch?v=lJEIHgQLCJo,https://i.ytimg.com/vi/lJEIHgQLCJo/mqdefault.jpg
a3ce195c0069494c99849d0b1a10a7fd,8016,【#U來訪 EP5】電線桿下有什麼？！微笑小黃人厭世哲學圖文作家加零！ ft. 加零在電線桿下 ｜悠白Ubye #悠白 #加零在電線桿下 #加零 #雲際線,2022-08-03T14:37:44Z,https://www.youtube.com/watch?v=TYRMMO8nNsc,https://i.ytimg.com/vi/TYRMMO8nNsc/mqdefault.jpg
9d9c6477329245cbb2557895f4f15686,7974,8/4 七夕快樂！ !乙T,2022-08-04T10:52:14Z,https://www.twitch.tv/videos/1551965242,https://static-cdn.jtvnw.net/cf_vods/d3vd9lfkzbru3h/5e5cfa6a0705c3aaba4e_iitifox_39543259447_1659610327//thumb/thumb0-%{width}x%{height}.jpg
ea4c1a67c2e445ad8028768616ceb659,7971,【健身環の喵地獄】另類加喵台！？投多少我就喵幾秒啊！艾莉卡要數喔！【洛可洛斯特 / VTUBER】,2022-08-08T19:06:04Z,https://www.youtube.com/watch?v=8k07VkxYv00,https://i.ytimg.com/vi/8k07VkxYv00/mqdefault.jpg
423dd7da92be47f4af7273c5f74efb27,7946,Fei. 等團練👅 | 訂閱福利請看 !活動 🔥 !比賽 !VPN | 8/18,2022-08-18T06:41:58Z,https://www.twitch.tv/videos/1565308612,https://static-cdn.jtvnw.net/cf_vods/d3vd9lfkzbru3h/580c6990507644f32f9a_fei_z_39578987495_1660804911//thumb/thumb0-%{width}x%{height}.jpg
1254f176d93548aca5ac7f4b53313f71,7937,#shorts #music  #TikTok #shortvideo  #shortsvtuber #TikTokhot #TikToksong #TikTokpopsong  #shortcool,2022-08-23T07:05:33Z,https://www.youtube.com/watch?v=gu-coPB2mdA,https://i.ytimg.com/vi/gu-coPB2mdA/mqdefault.jpg
ea4c1a67c2e445ad8028768616ceb659,7905,【中元節為甚麼要打屁股！？】我是無罪的阿到底有甚麼好懺悔的！不要打我屁股！【洛可洛斯特 / VTUBER】,2022-08-12T16:45:22Z,https://www.youtube.com/watch?v=A4Avmk-irpM,https://i.ytimg.com/vi/A4Avmk-irpM/mqdefault.jpg
9d9c6477329245cbb2557895f4f15686,7876,8/3 滿血復活！ !乙T,2022-08-03T12:53:49Z,https://www.twitch.tv/videos/1551049401,https://static-cdn.jtvnw.net/cf_vods/d3vd9lfkzbru3h/26d5248e2b0a8b5c51c9_iitifox_39541018935_1659531222//thumb/thumb0-%{width}x%{height}.jpg
265a18972d244affae35711cfd1f9931,7850,🐙刪檔歌回(因為4.6萬耐久不刪了)🐙唱歌呀 哪次不唱 我來破壞各位的耳朵了【MiroLive/塔芭絲可】,2022-08-20T17:40:23Z,https://www.youtube.com/watch?v=qaruDBEOVxQ,https://i.ytimg.com/vi/qaruDBEOVxQ/mqdefault.jpg
fd6a0236861940389e15ef85b16c6069,7841,混音器好了先小開唱唱歌 ~  ♡｜二周年周邊開放預購中｜!發發!周邊 !入羊教｜8/16,2022-08-16T02:26:25Z,https://www.twitch.tv/videos/1563255414,https://static-cdn.jtvnw.net/cf_vods/d3vd9lfkzbru3h/30600f100ed64e742f16_hennie2001_39573041111_1660616779//thumb/thumb0-%{width}x%{height}.jpg
f110fd69b66941bab04de9ada563c6ac,7802,【Stand - Up Aoi】輝煌童年－Aoi是壞姐姐(  ´꒳` )?｜直播結尾有抽獎活動！【AoiHinamori】,2022-08-19T14:42:48Z,https://www.youtube.com/watch?v=S7h1xKH3v6s,https://i.ytimg.com/vi/S7h1xKH3v6s/mqdefault.jpg
e93bd1102e214cbaa71cc5b2e4a53595,7793,【#新人vtuber  】逆光 【厄倫蒂兒．Vtuber】#shorts #onepiece,2022-08-20T13:52:48Z,https://www.youtube.com/watch?v=r1dfbjmclSw,https://i.ytimg.com/vi/r1dfbjmclSw/mqdefault.jpg
f18407d79b4b43ffa6adf629d1723a8f,7770,【不夜精華】Rap囉各位！不可幸力【不夜皇FuyaSumeragi・VTuber】,2022-08-07T11:45:02Z,https://www.youtube.com/watch?v=nR_ch27kg60,https://i.ytimg.com/vi/nR_ch27kg60/mqdefault.jpg
b126053a1356460ebf85a874a6a55aca,7763,不忍了！張善政狀告毀謗者｜呂秀蓮 : 全黨挺堅，民進黨汙衊桃園人！ 🍓20220901　#高雄林小姐 #Vtuber​​​​ #台灣Vtuber​​​ #台V​​,2022-09-01T13:15:06Z,https://www.youtube.com/watch?v=7dNuFwsTMJc,https://i.ytimg.com/vi/7dNuFwsTMJc/mqdefault.jpg
7a88afc5eb644d76b35ed4ca968259bb,7747,"【ASMR💛APEX】APEX更新首開 ! Ear licking, 舔耳, 耳舐め, ! 1st紀念週邊預購中.. #asmr",2022-08-10T16:36:33Z,https://www.youtube.com/watch?v=rbpqPU8Hk18,https://i.ytimg.com/vi/rbpqPU8Hk18/mqdefault.jpg
f18407d79b4b43ffa6adf629d1723a8f,7739,【遊戲】跟地獄公主的麥塊蓋房?聽說要做東西給學姊....【不夜皇FuyaSumeragi・VTuber】,2022-08-07T15:29:19Z,https://www.youtube.com/watch?v=dG42cSSquCc,https://i.ytimg.com/vi/dG42cSSquCc/mqdefault.jpg
fd6a0236861940389e15ef85b16c6069,7737,過得開心就好囉ꔛꕤ｜周邊預購中(預計九月中出貨)｜!周邊｜9/1,2022-09-01T14:31:30Z,https://www.twitch.tv/videos/1578797682,https://static-cdn.jtvnw.net/cf_vods/d3vd9lfkzbru3h/97f30ea6ac3dd98c3996_hennie2001_39631278487_1662042682//thumb/thumb0-%{width}x%{height}.jpg
5535c9524eb046c38e172ebfa06b302f,7733,【幻塔】100抽沒抽到冰風之弓就要肥宅音處罰?! 和觀眾坐魔方大飆車、新手直衝挑戰野王! ▹璐洛洛◃,2022-08-23T04:30:14Z,https://www.youtube.com/watch?v=UAnpuHfmsbI,https://i.ytimg.com/vi/UAnpuHfmsbI/mqdefault.jpg
e17f42aa104040deae2ee3f3b1e85ed8,7713,【肉肉薔蒔】 0809 今天肉肉生日! 訂閱抽獎結算ˇ到要抽獎! 發發集氣挑戰開始ㄌ! 勾勾過惹! 現在是勾勾肉!   !生日,2022-08-09T12:22:55Z,https://www.twitch.tv/videos/1556802384,https://static-cdn.jtvnw.net/cf_vods/d3vd9lfkzbru3h/090c492fcd8d50a0c881_aishakumo_39557593159_1660047768//thumb/thumb0-%{width}x%{height}.jpg
f6a4e7aa8d0c4e5cb39d199845ec4d02,7709,【omori】再..過2天?! 初見PLAY part.3,2022-08-12T09:17:39Z,https://www.youtube.com/watch?v=kTGbSV-oZN0,https://i.ytimg.com/vi/kTGbSV-oZN0/mqdefault.jpg
265a18972d244affae35711cfd1f9931,7701,🐙4.1萬訂慶祝 APEX+舔耳asmr🐙💓記得不要戴耳機唷~我會好好的溫柔地打槍的💓【MiroLive/塔芭絲可】,2022-08-17T18:29:40Z,https://www.youtube.com/watch?v=RKp7rXn7hqs,https://i.ytimg.com/vi/RKp7rXn7hqs/mqdefault.jpg
423dd7da92be47f4af7273c5f74efb27,7686,Fei. 最菜隊長 ᐠ ( ˙-˙ ) ᐟ | !活動 !比賽 !YT !VPN | 8/10,2022-08-10T02:34:43Z,https://www.twitch.tv/videos/1557510540,https://static-cdn.jtvnw.net/cf_vods/d3vd9lfkzbru3h/9ab82b79b8dff9fdba87_fei_z_39559045111_1660098876//thumb/thumb0-%{width}x%{height}.jpg
e17f42aa104040deae2ee3f3b1e85ed8,7680,【肉肉薔蒔】 0822 今天聽音樂!,2022-08-22T10:40:26Z,https://www.twitch.tv/videos/1569232804,https://static-cdn.jtvnw.net/cf_vods/d3vd9lfkzbru3h/3aa87ec7a91b379f625f_aishakumo_39590995127_1661164819//thumb/thumb0-%{width}x%{height}.jpg
2e266a71aa3d4a67bb8d9a2a0b573319,7671,０８０６ (六)  保持心情愉悅 Line貼圖上架囉   | !YT !加班 !中秋活動 !八月活動 !魚幣比值 !發發活動 !Line,2022-08-06T12:39:40Z,https://www.twitch.tv/videos/1553968793,https://static-cdn.jtvnw.net/cf_vods/d3vd9lfkzbru3h/720b0a86d3a88b227352_ziifish_39549396055_1659789571//thumb/thumb0-%{width}x%{height}.jpg
f18407d79b4b43ffa6adf629d1723a8f,7642,【台V排球聯賽】tomocora高中排球部！飛ベ！ft.@烏庫魯尼魯 UkuruNiru Ch. 【不夜皇FuyaSumeragi・VTuber】,2022-08-26T15:09:57Z,https://www.youtube.com/watch?v=DuoliD39t-Q,https://i.ytimg.com/vi/DuoliD39t-Q/mqdefault.jpg
5d00575c06d74f588238857d7dec1b02,7563,#甄嬛传 #甄嬛傳 #迷因 #惡搞配音 #我的豆花 #台V #妮卡沃爾 #台灣vtuber,2022-08-23T13:59:09Z,https://www.youtube.com/watch?v=Y_QrxhSbew0,https://i.ytimg.com/vi/Y_QrxhSbew0/mqdefault.jpg
fd6a0236861940389e15ef85b16c6069,7542,終究要面對邪靈入侵 (´;ω;`) 👻｜二周年周邊預購中(預計九月中出貨)｜!周邊 !合作精華｜8/30,2022-08-31T14:51:53Z,https://www.twitch.tv/videos/1577898746,https://static-cdn.jtvnw.net/cf_vods/d3vd9lfkzbru3h/8c4761cdaf5c7dd0d048_hennie2001_39627980679_1661957508//thumb/thumb0-%{width}x%{height}.jpg
7c06b9e316ce4ac18ce836cd72442bbe,7501,milet - One Touch / 浠Mizuki Cover【日常唱歌練習 #13】,2022-08-21T12:30:18Z,https://www.youtube.com/watch?v=zVlMKfcXv1E,https://i.ytimg.com/vi/zVlMKfcXv1E/mqdefault.jpg
e93bd1102e214cbaa71cc5b2e4a53595,7488,【糖豆人】初心者大挑戰！先別虐！【厄倫蒂兒 Earendel】,2022-09-01T14:35:10Z,https://www.youtube.com/watch?v=Lay8wJ-HlUA,https://i.ytimg.com/vi/Lay8wJ-HlUA/mqdefault.jpg
be6c475c291d45a0a7349abdb70be20d,7452,【GTA5實況】今天終於能開XSS了！犯罪企業 The Criminal Enterprises,2022-08-03T17:07:10Z,https://www.youtube.com/watch?v=p8FSX7nBZ2w,https://i.ytimg.com/vi/p8FSX7nBZ2w/mqdefault.jpg
95de1fe6727944e68404aec425d09170,7435,【海蘿銀蘿雜談】雙蘿出擊，讓我們跟大葛格討抱抱❤【海唧/惡獸時代】,2022-08-22T04:53:17Z,https://www.youtube.com/watch?v=abCk4D7iejc,https://i.ytimg.com/vi/abCk4D7iejc/mqdefault.jpg
658e63bebdca421ca934b0bf6aa2bcd8,7425,【完整公開】LIVE 言論自由倒退? 灰妲 :我們本來就滿獨裁的  #台灣Vtuber​​​ #reliveproject,2022-08-23T18:09:44Z,https://www.youtube.com/watch?v=OY1qsW42tVA,https://i.ytimg.com/vi/OY1qsW42tVA/mqdefault.jpg
01f26342ae4e419280bcfd6ec6e86db1,7401,【一起吃晚餐】在日本買到38日圓的蕎麥麵！好吃嗎？【十五號．Vtuber】,2022-08-10T15:00:20Z,https://www.youtube.com/watch?v=TtKYkjtjvxA,https://i.ytimg.com/vi/TtKYkjtjvxA/mqdefault.jpg
1c5619a4ece046dd8ba68ed343489ca3,7387,〈BL警告〉獸人Vtuber終於搞基了💕【糖豆人挑戰賽、輸了就出賣肉體】@白凱吉,2022-08-28T10:48:02Z,https://www.youtube.com/watch?v=8_tIAoUhePM,https://i.ytimg.com/vi/8_tIAoUhePM/mqdefault.jpg
be6c475c291d45a0a7349abdb70be20d,7386,【GTA5實況】來試試新的企業賺錢方式怎麼賺好賺！犯罪企業 The Criminal Enterprises,2022-08-10T16:09:50Z,https://www.youtube.com/watch?v=GUVEKeEF6vA,https://i.ytimg.com/vi/GUVEKeEF6vA/mqdefault.jpg
f6a4e7aa8d0c4e5cb39d199845ec4d02,7380,咪嚕的邪惡羊羊教【杏仁ミル】,2022-08-24T11:03:53Z,https://www.twitch.tv/videos/1571140201,https://static-cdn.jtvnw.net/cf_vods/d3vd9lfkzbru3h/7772d217c86399055134_vtuber_amiru_39596651831_1661339027//thumb/thumb0-%{width}x%{height}.jpg
7c06b9e316ce4ac18ce836cd72442bbe,7366,【一周年合唱祭】Kanaria - EYE /  浠Mizuki ft. @祈菈‧貝希毛絲 ch.Narrator / STORIA 【官方精華】,2022-08-30T11:30:10Z,https://www.youtube.com/watch?v=n1yqjfTClNU,https://i.ytimg.com/vi/n1yqjfTClNU/mqdefault.jpg
658e63bebdca421ca934b0bf6aa2bcd8,7352,【JUMP KING  賽評台 / 箱活】Relive首屆 JUMP KING 盃開打啦 !【灰妲】#台灣Vtuber​​​ #reliveproject,2022-08-20T11:15:46Z,https://www.youtube.com/watch?v=zeUVeVixrWA,https://i.ytimg.com/vi/zeUVeVixrWA/mqdefault.jpg
3809ec8a42634d11aa1b7b8f99755c6a,7337,【花花】 8/15 8點團練 發發活動  滿額送禮物!  活動辦法在DC公告欄 !活動 ✤ !YT ✤ !委託 ✤ !月榜 ✤ !VPN ✤ !隊友,2022-08-15T09:44:45Z,https://www.twitch.tv/videos/1562507150,https://static-cdn.jtvnw.net/cf_vods/d3vd9lfkzbru3h/05afcc92b5ff1a3c5ac3_mayberuu_39571193111_1660556680//thumb/thumb0-%{width}x%{height}.jpg
ea4c1a67c2e445ad8028768616ceb659,7329,【稀有的早安洛可】嘿早安如果你看到這台開了就表示我起床了【洛可洛斯特 / VTUBER】,2022-08-21T04:19:22Z,https://www.youtube.com/watch?v=COH2cV7tTaY,https://i.ytimg.com/vi/COH2cV7tTaY/mqdefault.jpg
04d2ff1dde6b4bb68503a734274f4b7e,7313,【突發】等待「第1萬位」客人....享有居酒屋終身免入場費 !!,2022-08-07T14:40:56Z,https://www.youtube.com/watch?v=yK4lc_xKaII,https://i.ytimg.com/vi/yK4lc_xKaII/mqdefault.jpg
423dd7da92be47f4af7273c5f74efb27,7310,Fei. 練習 D3 (〃ω〃) ♡ | !YT !VPN | 8/4,2022-08-04T03:19:13Z,https://www.twitch.tv/videos/1551769146,https://static-cdn.jtvnw.net/cf_vods/d3vd9lfkzbru3h/813f44acc784c6788897_fei_z_39542358407_1659583146//thumb/thumb0-%{width}x%{height}.jpg
265a18972d244affae35711cfd1f9931,7294,TAKOASMR: ASMR-酒雜向💓記得戴耳機唷~會努力把你的每一句話都記下來而且好好回應的💓【MiroLive/塔芭絲可】,2022-08-16T17:56:42Z,https://www.youtube.com/watch?v=ij28gdqjT44,https://i.ytimg.com/vi/ij28gdqjT44/mqdefault.jpg
e113ace92bbe445385bcc4635a9ca570,7275,【Apex 英雄】平平子要變大膽⚡傷害要高高！,2022-08-05T19:41:52Z,https://www.youtube.com/watch?v=853rV4R5FDE,https://i.ytimg.com/vi/853rV4R5FDE/mqdefault.jpg
1c5619a4ece046dd8ba68ed343489ca3,7271,跟英國人打LOL，他喜歡玩Bottom😘,2022-08-08T18:34:10Z,https://www.youtube.com/watch?v=2hxmnf-hGcI,https://i.ytimg.com/vi/2hxmnf-hGcI/mqdefault.jpg
04d2ff1dde6b4bb68503a734274f4b7e,7237,請給我來一杯啤酒加棉花糖。,2022-08-13T16:50:11Z,https://www.youtube.com/watch?v=au0uIa3yadI,https://i.ytimg.com/vi/au0uIa3yadI/mqdefault.jpg
658e63bebdca421ca934b0bf6aa2bcd8,7218,【#惡靈古堡7箱內接力賽 / 第十二棒】靠北我死定了 這是哪 【灰妲】#台灣Vtuber​​​ #ReliveProject,2022-09-01T20:04:10Z,https://www.youtube.com/watch?v=mzxDFVc1hy8,https://i.ytimg.com/vi/mzxDFVc1hy8/mqdefault.jpg
7c06b9e316ce4ac18ce836cd72442bbe,7200,就算變成老太太也要一起♥唱給最喜歡的Rumi醬！【HoneyWorks限定歌枠精華】#shorts #ツインズ,2022-08-08T12:00:39Z,https://www.youtube.com/watch?v=vQMTUIoDJbY,https://i.ytimg.com/vi/vQMTUIoDJbY/mqdefault.jpg
95de1fe6727944e68404aec425d09170,7195,【The Goddess of Victory:NIKKE】超色Ban台警告！妮姬勝利女神這麼香的又會搖的封測海哥一定要玩看看啦！！【海唧/惡獸時代】,2022-08-08T13:59:24Z,https://www.youtube.com/watch?v=zEI61WXwuDY,https://i.ytimg.com/vi/zEI61WXwuDY/mqdefault.jpg
1c5619a4ece046dd8ba68ed343489ca3,7153,【李聽】絕交鬼抓人💕玩完就沒朋友了😭｜Propnight-vtuber｜ft.閃閃.光妹.魚仔.茜月,2022-08-18T15:58:44Z,https://www.youtube.com/watch?v=Ov9stbXVN0g,https://i.ytimg.com/vi/Ov9stbXVN0g/mqdefault.jpg
423dd7da92be47f4af7273c5f74efb27,7143,Fei. 練 💙 !活動 !比賽 !VPN | 8/13,2022-08-13T04:38:21Z,https://www.twitch.tv/videos/1560505778,https://static-cdn.jtvnw.net/cf_vods/d2nvs31859zcd8/a53f023ad2f6591a60ad_fei_z_41112364699_1660365496//thumb/thumb0-%{width}x%{height}.jpg
b126053a1356460ebf85a874a6a55aca,7138,林智堅粉喊「殺堅警魚」，果然像黑道｜陳時中扯器捐疑雲，柯文哲氣到想罵髒話 🍓20220813　#高雄林小姐 #Vtuber​​​​ #台灣Vtuber​​​ #台V​​,2022-08-13T13:03:50Z,https://www.youtube.com/watch?v=u7C1CztMEes,https://i.ytimg.com/vi/u7C1CztMEes/mqdefault.jpg
658e63bebdca421ca934b0bf6aa2bcd8,7135,【深夜棉花糖】到了某個時候 才明白了是可以輕描淡寫的 【灰妲 】#台灣Vtuber​​​ #reliveproject,2022-08-19T18:44:37Z,https://www.youtube.com/watch?v=EJ83twjQq_Q,https://i.ytimg.com/vi/EJ83twjQq_Q/mqdefault.jpg
265a18972d244affae35711cfd1f9931,7121,🐙塔蘿重大發表🐙阿姨幫我買了新衣服 哥哥  姐姐可以幫我看看 好不好看嗎【MiroLive/塔芭絲可】,2022-08-07T08:20:09Z,https://www.youtube.com/watch?v=a_zJtiCgyAc,https://i.ytimg.com/vi/a_zJtiCgyAc/mqdefault.jpg
01f26342ae4e419280bcfd6ec6e86db1,7110,【觀眾參加可】太想打了，今天再開一次！規則有微改請仔細看（Apex Legends）【十五號．Vtuber】,2022-08-14T17:32:08Z,https://www.youtube.com/watch?v=9KG0Jmsh1fU,https://i.ytimg.com/vi/9KG0Jmsh1fU/mqdefault.jpg
423dd7da92be47f4af7273c5f74efb27,7097,Fei. 我回來了 ٩(๑> ₃ <)۶ 無限D團練 !比賽 | 訂閱福利請看 !活動 ➷🔥 !YT !VPN | 8/25,2022-08-25T06:37:09Z,https://www.twitch.tv/videos/1571952803,https://static-cdn.jtvnw.net/cf_vods/d3vd9lfkzbru3h/9840e2a280019451182c_fei_z_39599206647_1661409424//thumb/thumb0-%{width}x%{height}.jpg
1c5619a4ece046dd8ba68ed343489ca3,7072,打LOL遇到英國人「他聲音超受，根本欠撩💕」《英國哥爆氣:I am not bottom🤣｜英雄聯盟》,2022-08-07T12:10:48Z,https://www.youtube.com/watch?v=qcYZEmwcF9Y,https://i.ytimg.com/vi/qcYZEmwcF9Y/mqdefault.jpg
e113ace92bbe445385bcc4635a9ca570,7067,【寧夏夜市】夜市同樂會⚡急速大挑戰 ft. @Obear Ch. 歐貝爾 & @HaiZ ch. 海唧,2022-08-27T12:27:19Z,https://www.youtube.com/watch?v=lJndXRarxTM,https://i.ytimg.com/vi/lJndXRarxTM/mqdefault.jpg
f110fd69b66941bab04de9ada563c6ac,7065,【ASMR咀嚼音】夏天冰涼素麵！素～素～聲 ♪【AoiHinamori】,2022-08-06T13:48:08Z,https://www.youtube.com/watch?v=hUONeKN-2GE,https://i.ytimg.com/vi/hUONeKN-2GE/mqdefault.jpg
2e266a71aa3d4a67bb8d9a2a0b573319,7063,０８２０ (六) 開心每一天就足夠了  | !YT !加班 !中秋活動 !八月活動 !魚幣比值 !發發活動 !Line,2022-08-20T04:52:57Z,https://www.twitch.tv/videos/1567174429,https://static-cdn.jtvnw.net/cf_vods/d3vd9lfkzbru3h/023a73b3accaf9571d6d_ziifish_39584510215_1660971168//thumb/thumb0-%{width}x%{height}.jpg
95de1fe6727944e68404aec425d09170,7016,【雜談】為什麼兩萬訂閱來的那麼快，下一個就是某人了！來聊聊天吧～【海唧/惡獸時代】,2022-08-29T15:06:27Z,https://www.youtube.com/watch?v=BVovylGVFBs,https://i.ytimg.com/vi/BVovylGVFBs/mqdefault.jpg
98e3a5838fec4a6caa936ae35485de23,7007,【深夜談】來試試Don David托隆提斯氣泡酒搭配新的下酒菜！水獺的深夜酒聊🍻【露恰露恰．Vtuber】,2022-08-05T17:59:04Z,https://www.youtube.com/watch?v=_uEm7iGLBT8,https://i.ytimg.com/vi/_uEm7iGLBT8/mqdefault.jpg
4b6b055ada4d4f0ab63b7ad02a3fa3ef,6936,【#勇者鬥惡龍Ⅲ】#11 變強變強變強變強！！！｜Rumi/懶貓子,2022-08-31T13:48:13Z,https://www.youtube.com/watch?v=gR_mgyN28yw,https://i.ytimg.com/vi/gR_mgyN28yw/mqdefault.jpg
4b6b055ada4d4f0ab63b7ad02a3fa3ef,6934,【3Ddance ver.】笑顔はここにある【#Rumi3D】｜Rumi/懶貓子,2022-08-16T12:26:21Z,https://www.youtube.com/watch?v=ugTNvBA3-So,https://i.ytimg.com/vi/ugTNvBA3-So/mqdefault.jpg
b126053a1356460ebf85a874a6a55aca,6866,鵬堅燦桃園鐵三角，瞬間缺一角｜中介法引發民憤，轉頭栽贓民眾黨 🍓20220821　#高雄林小姐 #Vtuber​​​​ #台灣Vtuber​​​ #台V​​,2022-08-21T13:09:26Z,https://www.youtube.com/watch?v=9Bz2qJyDF0M,https://i.ytimg.com/vi/9Bz2qJyDF0M/mqdefault.jpg
84a911e2b05f4919a32e0c1618e32a7d,6844,【吉他自彈自唱】深夜的森林【光逸 幸 / Kouitu Sin】,2022-08-26T15:10:12Z,https://www.youtube.com/watch?v=QZimQMPOIHs,https://i.ytimg.com/vi/QZimQMPOIHs/mqdefault.jpg
4b6b055ada4d4f0ab63b7ad02a3fa3ef,6825,【#勇者鬥惡龍Ⅲ】#10 騎不死鳥！！！｜Rumi/懶貓子,2022-08-10T14:58:42Z,https://www.youtube.com/watch?v=99Kxok5y-jc,https://i.ytimg.com/vi/99Kxok5y-jc/mqdefault.jpg
e113ace92bbe445385bcc4635a9ca570,6800,【Who's Your Daddy】User的一日爸爸體驗⚡讓User嚐嚐寶寶子的撒嬌能力吧！,2022-08-15T17:43:42Z,https://www.youtube.com/watch?v=FW4CIK0V8MY,https://i.ytimg.com/vi/FW4CIK0V8MY/mqdefault.jpg
98e3a5838fec4a6caa936ae35485de23,6777,【愛睏翻車歌回】睡過頭了，ㄨㄚˊ🍻【露恰露恰．Vtuber】,2022-08-27T12:04:31Z,https://www.youtube.com/watch?v=yiwzhw-XFQQ,https://i.ytimg.com/vi/yiwzhw-XFQQ/mqdefault.jpg
a3ce195c0069494c99849d0b1a10a7fd,6777,U寶咕摸尼,2022-08-04T23:00:03Z,https://www.youtube.com/watch?v=9o7jqvKTiZA,https://i.ytimg.com/vi/9o7jqvKTiZA/mqdefault.jpg
95de1fe6727944e68404aec425d09170,6755,【罵倒台詞回】雜種們，誰準你們抬起頭看我，高貴的女王可是沒有準許的，你頭抬得太高了！【海唧/惡獸時代】,2022-08-24T14:35:26Z,https://www.youtube.com/watch?v=GTDP1UxZPyI,https://i.ytimg.com/vi/GTDP1UxZPyI/mqdefault.jpg
8a4988902b5640e6ae1829285307c636,6726,【線上閱讀空氣】一期跟二期誰比較會讀空氣！？空気読み。【歐貝爾．Vtuber】feat.@No.Fifteen Ch. 十五號 @Olda ch. 歐妲 @Amrzs ch. 阿爾姿,2022-08-17T12:38:02Z,https://www.youtube.com/watch?v=d-2qjZqbEsM,https://i.ytimg.com/vi/d-2qjZqbEsM/mqdefault.jpg
265a18972d244affae35711cfd1f9931,6725,🐙3.6慶祝-二創回顧🐙經歷過的點點滴滴 從最剛開始到現在的成果 有好有壞都需要接受【MiroLive/塔芭絲可】,2022-08-06T00:18:14Z,https://www.youtube.com/watch?v=qQYZVtAqnNU,https://i.ytimg.com/vi/qQYZVtAqnNU/mqdefault.jpg
f110fd69b66941bab04de9ada563c6ac,6723,【初配信】哈啾！！！！！！！【AoiHinamori​​​​】,2022-08-28T14:16:15Z,https://www.youtube.com/watch?v=89LV7VCnRg4,https://i.ytimg.com/vi/89LV7VCnRg4/mqdefault.jpg
265a18972d244affae35711cfd1f9931,6685,🐙3.8萬慶祝-運動加班台🐙只好使用金錢的力量 逼迫自己多運動 詳細看資訊區唷【MiroLive/塔芭絲可】,2022-08-16T13:54:24Z,https://www.youtube.com/watch?v=_v5qIu3zg9o,https://i.ytimg.com/vi/_v5qIu3zg9o/mqdefault.jpg
e17f42aa104040deae2ee3f3b1e85ed8,6669,【肉肉薔蒔】 0810 肚子好痛 今天賽季更新><不爬分 是ㄍddㄉ好日子 發發集氣挑戰開始ㄌ! 勾勾過惹! 現在是勾勾肉!,2022-08-10T13:34:47Z,https://www.twitch.tv/videos/1557828068,https://static-cdn.jtvnw.net/cf_vods/d3vd9lfkzbru3h/9694e4e2f97444298c00_aishakumo_39560696695_1660138481//thumb/thumb0-%{width}x%{height}.jpg
ea4c1a67c2e445ad8028768616ceb659,6646,【來做VTUBER的香水系列！】一起來做那兩個女人的味道！大概是海味跟...？【洛可洛斯特 / VTUBER】,2022-08-26T16:30:04Z,https://www.youtube.com/watch?v=IQ31a21TjuE,https://i.ytimg.com/vi/IQ31a21TjuE/mqdefault.jpg
265a18972d244affae35711cfd1f9931,6642,"🐙TA""BAR""SCO#8🐙我有酒 而你有故事 讓我聽聽 說出來一定比憋著好【MiroLive/塔芭絲可】",2022-08-10T19:38:33Z,https://www.youtube.com/watch?v=iL6D5iIUQGE,https://i.ytimg.com/vi/iL6D5iIUQGE/mqdefault.jpg
04d2ff1dde6b4bb68503a734274f4b7e,6609,【飲酒雜談】開心還債日♡,2022-08-31T16:49:06Z,https://www.youtube.com/watch?v=M9EOta9cjMI,https://i.ytimg.com/vi/M9EOta9cjMI/mqdefault.jpg
265a18972d244affae35711cfd1f9931,6590,🐙睡覺工作台🐙明天就是Tako生日 想跟你一起迎接這個特別的日子💕 【MiroLive/塔芭絲可】,2022-08-07T18:03:47Z,https://www.youtube.com/watch?v=BJBno4LDYUg,https://i.ytimg.com/vi/BJBno4LDYUg/mqdefault.jpg
b126053a1356460ebf85a874a6a55aca,6577,台南惡徒殺警奪槍，2警身亡｜中介法選前不會再碰，所以選後硬上？ 🍓20220822　#高雄林小姐 #Vtuber​​​​ #台灣Vtuber​​​ #台V​​,2022-08-22T13:36:02Z,https://www.youtube.com/watch?v=pQ1UHyMvRsU,https://i.ytimg.com/vi/pQ1UHyMvRsU/mqdefault.jpg
f6a4e7aa8d0c4e5cb39d199845ec4d02,6576,【omori】快去找朋友啦消失幾天了 2周目,2022-08-31T12:18:59Z,https://www.youtube.com/watch?v=foxAbpGIOI0,https://i.ytimg.com/vi/foxAbpGIOI0/mqdefault.jpg
d45dc740a9e340c98d3eaf6923baa07a,6574,【穆宵組】怪物/ YOASOBI (Cover) @玖宵JiuXiao Ch. 【Esperar Live】,2022-08-10T11:00:17Z,https://www.youtube.com/watch?v=UE1YLM8vQAU,https://i.ytimg.com/vi/UE1YLM8vQAU/mqdefault.jpg
2e266a71aa3d4a67bb8d9a2a0b573319,6566,０８１２ (五)  發發活動進行中   Line貼圖上架囉   | !YT !加班 !中秋活動 !八月活動 !魚幣比值 !發發活動 !Line,2022-08-11T17:35:22Z,https://www.twitch.tv/videos/1558974987,https://static-cdn.jtvnw.net/cf_vods/d3vd9lfkzbru3h/31a1f9f3412be3fb112a_ziifish_39564167303_1660239313//thumb/thumb0-%{width}x%{height}.jpg
9d9c6477329245cbb2557895f4f15686,6560,【一周年後談】再也不敢喝一公升的酒了 9點迷你世界！周邊開賣♡♡♡ !週年慶,2022-08-09T12:27:45Z,https://www.twitch.tv/videos/1556804744,https://static-cdn.jtvnw.net/cf_vods/d3vd9lfkzbru3h/134e32d30b7c3756b4ea_iitifox_39557609975_1660048058//thumb/thumb0-%{width}x%{height}.jpg
95de1fe6727944e68404aec425d09170,6558,【開箱】559$就可以吃到日本和牛！在家就能現烤的燒肉餐盒！！！【海唧/惡獸時代】,2022-08-27T05:59:16Z,https://www.youtube.com/watch?v=sEqKSlWjC48,https://i.ytimg.com/vi/sEqKSlWjC48/mqdefault.jpg
8a4988902b5640e6ae1829285307c636,6554,【健身環大冒險】我幹嘛設三點…救命啊…我們先雜談醒醒後再健身霸脫QQ【歐貝爾．Vtuber】,2022-08-06T10:14:57Z,https://www.youtube.com/watch?v=z3kE1F9XW1M,https://i.ytimg.com/vi/z3kE1F9XW1M/mqdefault.jpg
265a18972d244affae35711cfd1f9931,6542,🐙3萬訂閱慶祝加班台#14🐙突破4.75囉!!今日流程 吃飯 整理家裡 應該最後ㄌㄅ  (加班規則看資訊區)【MiroLive/塔芭絲可】,2022-08-28T10:20:25Z,https://www.youtube.com/watch?v=i2al1hvyEc4,https://i.ytimg.com/vi/i2al1hvyEc4/mqdefault.jpg
265a18972d244affae35711cfd1f9931,6510,🐙海賊王劇場版RED雜談+運動🐙一起來唱歌囉各位 昨天已經延一天不能再延了 運動!!【MiroLive/塔芭絲可】,2022-08-29T18:04:58Z,https://www.youtube.com/watch?v=u-NYw3taKRs,https://i.ytimg.com/vi/u-NYw3taKRs/mqdefault.jpg
265a18972d244affae35711cfd1f9931,6510,🐙3萬訂閱慶祝加班台#8.1 🐙網路別搞 我要睡爛ㄌ(加班規則看資訊區)【MiroLive/塔芭絲可】,2022-08-26T06:44:29Z,https://www.youtube.com/watch?v=8usIgnILe2g,https://i.ytimg.com/vi/8usIgnILe2g/mqdefault.jpg
265a18972d244affae35711cfd1f9931,6509,🐙3萬訂閱慶祝加班台#13🐙跟你一起睡個好覺💓(加班規則看資訊區)【MiroLive/塔芭絲可】,2022-08-28T05:15:24Z,https://www.youtube.com/watch?v=gtIWVeMI-1Y,https://i.ytimg.com/vi/gtIWVeMI-1Y/mqdefault.jpg
423dd7da92be47f4af7273c5f74efb27,6504,Fei. 訂閱福利最後一天 !活動 🔥 DC有這周預定表(*´艸`*) | !比賽 !YT !VPN | 8/31,2022-08-31T06:36:11Z,https://www.twitch.tv/videos/1577673476,https://static-cdn.jtvnw.net/cf_vods/d3vd9lfkzbru3h/ca49333fb8b127b4188b_fei_z_39625827175_1661927766//thumb/thumb0-%{width}x%{height}.jpg
626750f4e7a745619c171c44fb1efcc0,6501,目標S馬育成!成功送YT會員  賽馬娘Pretty Derby  #19【天使Vtuber小雪Yukichan】,2022-08-04T12:44:55Z,https://www.youtube.com/watch?v=co1hrJk7MJs,https://i.ytimg.com/vi/co1hrJk7MJs/mqdefault.jpg
e150e350532b4327b26989dd43cd3bad,6495,【迎接萬訂歌回突發】最後倒數 ! 從那不切實際的真實感到擁有築夢的踏實，感謝一路陪伴的你們 !丨艾比 . Post Rabi,2022-08-22T17:10:42Z,https://www.youtube.com/watch?v=LylnceEGVD0,https://i.ytimg.com/vi/LylnceEGVD0/mqdefault.jpg
658e63bebdca421ca934b0bf6aa2bcd8,6465,【深夜棉花糖】只要是你想做的 它自然就被賦予了某種意義了 【灰妲 】#台灣Vtuber​​​ #reliveproject,2022-08-11T01:54:03Z,https://www.youtube.com/watch?v=dJ9UD7UXXuk,https://i.ytimg.com/vi/dJ9UD7UXXuk/mqdefault.jpg
f6a4e7aa8d0c4e5cb39d199845ec4d02,6453,gd rank！ ft.つぶらちゃん、ミトゥンちゃん,2022-08-20T05:45:07Z,https://www.twitch.tv/videos/1567203337,https://static-cdn.jtvnw.net/cf_vods/d3vd9lfkzbru3h/336d9ce5219b77a48fbe_vtuber_amiru_39584640247_1660974300//thumb/thumb0-%{width}x%{height}.jpg
b126053a1356460ebf85a874a6a55aca,6418,智堅舞弊學校退錢？失智列車飛速奔馳｜「滾去十八層地獄！」亡警姊斥廢死團體 🍓20220825　#高雄林小姐 #Vtuber​​​​ #台灣Vtuber​​​ #台V​​,2022-08-25T13:10:36Z,https://www.youtube.com/watch?v=fLpy9EXpecE,https://i.ytimg.com/vi/fLpy9EXpecE/mqdefault.jpg
265a18972d244affae35711cfd1f9931,6415,🐙隨意雜談🐙我回家囉!!該回來找TAKO馬迷了吧【MiroLive/塔芭絲可】,2022-08-15T13:38:38Z,https://www.youtube.com/watch?v=lGvjea7AxfA,https://i.ytimg.com/vi/lGvjea7AxfA/mqdefault.jpg
ba562aad440d483e988d3ce7e7217c94,6402,[貓宮香草] 8/14 信貓貓得永生   !DC,2022-08-14T04:12:29Z,https://www.twitch.tv/videos/1561440255,https://static-cdn.jtvnw.net/cf_vods/d3vd9lfkzbru3h/c277065360c279969fd1_vanilla_shironeko_39567741207_1660450342//thumb/thumb0-%{width}x%{height}.jpg
265a18972d244affae35711cfd1f9931,6389,TAKOASMR:舒眠向 來媽媽的懷抱中好好休息 耳朵按摩+心音 ❤Ear Massage+ Heart sound❤,2022-08-14T14:30:14Z,https://www.youtube.com/watch?v=NjW7o9rYyIk,https://i.ytimg.com/vi/NjW7o9rYyIk/mqdefault.jpg
b126053a1356460ebf85a874a6a55aca,6363,新冠死近萬，陳建仁喊致死率低｜不止重啟，日本要新建核電廠！ 🍓20220827　#高雄林小姐 #Vtuber​​​​ #台灣Vtuber​​​ #台V​​,2022-08-27T13:17:16Z,https://www.youtube.com/watch?v=K5-nIC__Cf0,https://i.ytimg.com/vi/K5-nIC__Cf0/mqdefault.jpg
2741a90689f342548daad7f760b0a8f7,6356,【健身環大冒險】死亡戰吼烈士！練到虛脫才關台【希翁／Chion 】,2022-08-03T13:51:17Z,https://www.youtube.com/watch?v=OapUnY9_LxA,https://i.ytimg.com/vi/OapUnY9_LxA/mqdefault.jpg
9d9c6477329245cbb2557895f4f15686,6348,08/31 睡過了吶！,2022-08-30T16:42:50Z,https://www.twitch.tv/videos/1577031698,https://static-cdn.jtvnw.net/cf_vods/d3vd9lfkzbru3h/c14f4f516dbcc6b914b8_iitifox_39623982567_1661877763//thumb/thumb0-%{width}x%{height}.jpg
423dd7da92be47f4af7273c5f74efb27,6345,Fei. 9月第一天 要辦什麼活動好 (*´艸`*) | !比賽 !YT !VPN | 9/1,2022-09-01T08:48:52Z,https://www.twitch.tv/videos/1578635273,https://static-cdn.jtvnw.net/cf_vods/d3vd9lfkzbru3h/0dd4a97ae37c48c6d63a_fei_z_39630101447_1662022127//thumb/thumb0-%{width}x%{height}.jpg
7c06b9e316ce4ac18ce836cd72442bbe,6328,張懸 - 我想你要走了 / 浠Mizuki Cover【日常唱歌練習 #14】,2022-08-31T15:00:30Z,https://www.youtube.com/watch?v=pO2XPEtctcY,https://i.ytimg.com/vi/pO2XPEtctcY/mqdefault.jpg
ea4c1a67c2e445ad8028768616ceb659,6308,【拉麵歌回！🥞】跟白湯的快樂拉麵歌回🍲！充滿了拉麵！【洛可洛斯特 FT.麵音白湯】,2022-08-24T15:50:52Z,https://www.youtube.com/watch?v=RzqQ_PU-2uk,https://i.ytimg.com/vi/RzqQ_PU-2uk/mqdefault.jpg
265a18972d244affae35711cfd1f9931,6298,🐙運動加班台(連續15天)🐙只好使用金錢的力量 逼迫自己多運動 ps.我手廢了 DAY2【MiroLive/塔芭絲可】,2022-08-18T13:52:17Z,https://www.youtube.com/watch?v=wx5LzNO0CEI,https://i.ytimg.com/vi/wx5LzNO0CEI/mqdefault.jpg
9d9c6477329245cbb2557895f4f15686,6288,08/16 狂賭之狐 你信狐嗎？ 周邊開賣啦♡♡♡ !週年慶,2022-08-16T10:26:04Z,https://www.twitch.tv/videos/1563471168,https://static-cdn.jtvnw.net/cf_vods/d3vd9lfkzbru3h/6d234f060da685ab4c06_iitifox_39573971111_1660645559//thumb/thumb0-%{width}x%{height}.jpg
de0e98c9266449b7874a942cbbb63a0d,6285,【女鬼橋：開魂路】我左焦阿巴、右你各位，水獺在腰間，O頭在胸口，魚擋殺魚，鬼擋烙飛！ft. 露恰露恰【阿爾姿/惡獸時代】,2022-09-01T16:50:16Z,https://www.youtube.com/watch?v=1kx5CcxYhFY,https://i.ytimg.com/vi/1kx5CcxYhFY/mqdefault.jpg
b126053a1356460ebf85a874a6a55aca,6281,台海危機你怕是不怕？台獨份子到大陸被抓了，你去幹什麼？ 🍓20220804　#高雄林小姐 #Vtuber​​​​ #台灣Vtuber​​​ #台V​​,2022-08-04T13:00:28Z,https://www.youtube.com/watch?v=Vlyhdtz3qT4,https://i.ytimg.com/vi/Vlyhdtz3qT4/mqdefault.jpg
3809ec8a42634d11aa1b7b8f99755c6a,6275,【花花】 8/30  新貼圖-70 幫幫偶>< 工作環節 27-28抽獎 記得來  ✤ !YT ✤ !委託 ✤ !月榜 ✤ !VPN ✤ !隊友,2022-08-30T11:11:10Z,https://www.twitch.tv/videos/1576824894,https://static-cdn.jtvnw.net/cf_vods/d3vd9lfkzbru3h/199dfa58b49c4a434af8_mayberuu_39622331895_1661857863//thumb/thumb0-%{width}x%{height}.jpg
01f26342ae4e419280bcfd6ec6e86db1,6265,知名台灣Vtuber面臨流量危機居然拍起抖音廢片？！#shorts,2022-08-14T11:55:33Z,https://www.youtube.com/watch?v=1yd0v-ggaWs,https://i.ytimg.com/vi/1yd0v-ggaWs/mqdefault.jpg
494d2c5daf9f4a8a8e4538687e6be14c,6255,【陪喔】人果然是最喜歡做死的動物 | 青木原樹海遊【兔姬UsagiHime | 惡兔重工】,2022-08-21T16:55:41Z,https://www.youtube.com/watch?v=-p12j-s8oTY,https://i.ytimg.com/vi/-p12j-s8oTY/mqdefault.jpg
95de1fe6727944e68404aec425d09170,6244,【雙人成行】初次連動就挑戰友情，和老大的雙人大冒險能成功嗎！？ft.杏仁ミル【海唧/惡獸時代】,2022-08-28T14:39:33Z,https://www.youtube.com/watch?v=1rLgYDFcMIk,https://i.ytimg.com/vi/1rLgYDFcMIk/mqdefault.jpg
494d2c5daf9f4a8a8e4538687e6be14c,6224,【兔姬精華】色遊公司就是專業! 哪間鬼屋有這麼騷的女鬼呢?【兔姬UsagiHime | 惡兔重工】,2022-08-31T10:15:14Z,https://www.youtube.com/watch?v=OcNSAhxDcC8,https://i.ytimg.com/vi/OcNSAhxDcC8/mqdefault.jpg
6c88799c6f45407faf0f9ea007b0dcab,6220,【兩萬紀念回】不管我們在什麼時間點相遇，都是最好的時間，喜樂、平安、香菜《鷲峰良》,2022-08-06T16:14:40Z,https://www.youtube.com/watch?v=2UXt6I8nYUg,https://i.ytimg.com/vi/2UXt6I8nYUg/mqdefault.jpg
3dda133703f64b019d7eea0c5cb55335,6220,【瀰婭ミア】8/16(二) 跑了兩天台北好熱好累💦｜慶祝萬訂加班台｜!加班 !減班 | 今晚一起睡💜,2022-08-16T07:02:27Z,https://www.twitch.tv/videos/1563402237,https://static-cdn.jtvnw.net/cf_vods/d3vd9lfkzbru3h/6579b2821533680c2454_miamya0615_39573532855_1660633340//thumb/thumb0-%{width}x%{height}.jpg
e113ace92bbe445385bcc4635a9ca570,6205,【Apex 英雄】大大帶我飛⚡SL女子團出遊囉 ft. @No.Fifteen Ch. 十五號 、@Amrzs ch. 阿爾姿,2022-08-19T19:56:56Z,https://www.youtube.com/watch?v=E0cP23gQeg0,https://i.ytimg.com/vi/E0cP23gQeg0/mqdefault.jpg
be6c475c291d45a0a7349abdb70be20d,6193,【GTA5】ULP：扣押科技 | 飛跡行動 第四關 | 犯罪企業 The Criminal Enterprises,2022-08-14T11:33:29Z,https://www.youtube.com/watch?v=sm1CsAFn1Tk,https://i.ytimg.com/vi/sm1CsAFn1Tk/mqdefault.jpg
590a2bca0051444fb98915e5d761d47c,6189,【AirLife】我要換掉我的ㄍㄧˇㄍㄨㄞˇ椅｜#紫勾申請中 !精華 ｜ #Vtype #小森未央,2022-08-31T20:35:53Z,https://www.twitch.tv/videos/1578164985,https://static-cdn.jtvnw.net/cf_vods/d3vd9lfkzbru3h/60f770b303a5684e8db9_komorimio_39629001527_1661978146//thumb/thumb0-%{width}x%{height}.jpg
b126053a1356460ebf85a874a6a55aca,6187,台大認證林智堅是抄襲仔＆撤學位｜中共8/4軍演，外交部8/9終於醒了 🍓20220809　#高雄林小姐 #Vtuber​​​​ #台灣Vtuber​​​ #台V​​,2022-08-09T13:21:09Z,https://www.youtube.com/watch?v=MxBZXh4G8kw,https://i.ytimg.com/vi/MxBZXh4G8kw/mqdefault.jpg
8a4988902b5640e6ae1829285307c636,6151,【進擊羔羊傳說 Cult of the Lamb】快加入歐嚕只會歐嚕教吧！教主會滿足你所有需求，舉凡單身想結婚到想吃大便應有盡有，這麼多好康還不趕快入教嗎！？【歐貝爾．Vtuber】,2022-08-23T17:02:00Z,https://www.youtube.com/watch?v=Zl6_dgBoNIc,https://i.ytimg.com/vi/Zl6_dgBoNIc/mqdefault.jpg
be6c475c291d45a0a7349abdb70be20d,6134,【GTA5】ULP：反情報收集 | 飛跡行動 第二關 | 犯罪企業 The Criminal Enterprises,2022-08-04T14:15:33Z,https://www.youtube.com/watch?v=u9X3kMAdNCE,https://i.ytimg.com/vi/u9X3kMAdNCE/mqdefault.jpg
ea4c1a67c2e445ad8028768616ceb659,6111,【出去玩歸來的雜談！】來聊聊今天的快樂事！跟昨天一整天的快樂約會！【洛可洛斯特 / VTUBER】,2022-08-29T14:32:26Z,https://www.youtube.com/watch?v=PDB6S-yjxpY,https://i.ytimg.com/vi/PDB6S-yjxpY/mqdefault.jpg
98e3a5838fec4a6caa936ae35485de23,6074,【Minecraft】懶懶水獺開麥塊，甩甩尾巴玩一下🍻【露恰露恰．Vtuber】,2022-08-18T17:57:30Z,https://www.youtube.com/watch?v=aZb30eaeXU8,https://i.ytimg.com/vi/aZb30eaeXU8/mqdefault.jpg
f18407d79b4b43ffa6adf629d1723a8f,6062,【APEX】新賽季浪漫三排 FEAT 小新 YOLIN #2【不夜皇FuyaSumeragi・VTuber】,2022-08-12T14:38:13Z,https://www.youtube.com/watch?v=Xl9bCRIBbZM,https://i.ytimg.com/vi/Xl9bCRIBbZM/mqdefault.jpg
2741a90689f342548daad7f760b0a8f7,6057,【畫圖】畫線下聚時大家的私服！輕鬆閒聊【希翁／Chion】,2022-08-30T12:26:59Z,https://www.youtube.com/watch?v=CkxM416g2zc,https://i.ytimg.com/vi/CkxM416g2zc/mqdefault.jpg
be6c475c291d45a0a7349abdb70be20d,6049,【GTA5實況】金毛終於能安心放暑假？佩里克島搶劫,2022-08-13T17:14:46Z,https://www.youtube.com/watch?v=6RpYlgPd9rE,https://i.ytimg.com/vi/6RpYlgPd9rE/mqdefault.jpg
5535c9524eb046c38e172ebfa06b302f,6037,🔴AR60 ASIA【#原神 / Genshin】3.0須彌正式改版! 滿命鍾離&提納里來我家! Ft. @蝦拉拉 Shalala ▹璐洛洛◃,2022-08-24T11:21:27Z,https://www.twitch.tv/videos/1571148433,https://static-cdn.jtvnw.net/cf_vods/d3vd9lfkzbru3h/4f3d019c28c2e365ddb3_ruroroisme_39596716087_1661340078//thumb/thumb0-%{width}x%{height}.jpg
b126053a1356460ebf85a874a6a55aca,6032,中共台海軍演，林佳龍卻滿腦選票｜川普轟裴洛西是中國美夢，給對方一直在找的藉口 🍓20220806　#高雄林小姐 #Vtuber​​​​ #台灣Vtuber​​​ #台V​​,2022-08-06T15:04:08Z,https://www.youtube.com/watch?v=Gs6Jpcwao_8,https://i.ytimg.com/vi/Gs6Jpcwao_8/mqdefault.jpg
f5ff982730f54cd4826ff0530a4288c2,6025,🍜 【街頭鋼琴歌枠】我回家啦！它彈到啥我就唱啥【白湯】,2022-08-27T15:08:04Z,https://www.youtube.com/watch?v=3EbmeIOvNGU,https://i.ytimg.com/vi/3EbmeIOvNGU/mqdefault.jpg
a17fcdf32a124beba3fba16299aed2b3,6022,8/8 加班台x發發集氣｜恐怖遊戲連播｜!委託 !YT !歌單 !加班,2022-08-10T19:17:17Z,https://www.twitch.tv/videos/1558091108,https://static-cdn.jtvnw.net/cf_vods/d3vd9lfkzbru3h/5231d10b245ee3ec72e4_chikayan_39561453223_1660159030//thumb/thumb0-%{width}x%{height}.jpg
d1dd83b6e8a24df4b61f766cff45113c,6021,【闇影詩章】牌組分享➤六費就可以開始找人決鬥，每回合7/7還帶抵傷造物完全過不了！➧指定T3 RoG〈shadowverse/シャドウバース〉【台V/台灣Vtuber】,2022-08-19T11:33:48Z,https://www.youtube.com/watch?v=N-Y7hGFQtRM,https://i.ytimg.com/vi/N-Y7hGFQtRM/mqdefault.jpg
be6c475c291d45a0a7349abdb70be20d,5994,【GTA5實況】新黃金門BUG會很快被修嗎？佩里克島搶劫,2022-08-20T16:54:24Z,https://www.youtube.com/watch?v=ps5lhDlKx3U,https://i.ytimg.com/vi/ps5lhDlKx3U/mqdefault.jpg
2a310e9273014b12a0517d13d25697e1,5975,乱舞のメロディ - シド ( Cover ) / 闇音ネル,2022-08-21T13:30:16Z,https://www.youtube.com/watch?v=KJCVjGcoL3o,https://i.ytimg.com/vi/KJCVjGcoL3o/mqdefault.jpg
e93bd1102e214cbaa71cc5b2e4a53595,5961,【#新人vtuber 】 買你/魏如萱 【厄倫蒂兒．Vtuber】#short,2022-08-21T14:23:33Z,https://www.youtube.com/watch?v=JtTwJjk-0S8,https://i.ytimg.com/vi/JtTwJjk-0S8/mqdefault.jpg
f18407d79b4b43ffa6adf629d1723a8f,5923,【雜談】來輕輕鬆鬆聊聊天吧~【不夜皇FuyaSumeragi・VTuber】,2022-08-29T15:08:06Z,https://www.youtube.com/watch?v=mbk9qBQtr8Y,https://i.ytimg.com/vi/mbk9qBQtr8Y/mqdefault.jpg
a8ce4642418b4fe8ba1471a32097f4c4,5918,【Karaoke Stream 】動漫歌曲限定歌回 ! 來挑戰一下自己的日文吧 !【歐妲/惡獸時代】,2022-08-11T07:15:09Z,https://www.youtube.com/watch?v=urLxLsspe2U,https://i.ytimg.com/vi/urLxLsspe2U/mqdefault.jpg
95de1fe6727944e68404aec425d09170,5913,【自製果汁】⚠黑暗料理界之海獸健康蔬果還債日⚠讓你們看看我的手藝！！【海唧/惡獸時代】,2022-08-07T15:09:34Z,https://www.youtube.com/watch?v=T_R81B_aKC8,https://i.ytimg.com/vi/T_R81B_aKC8/mqdefault.jpg
658e63bebdca421ca934b0bf6aa2bcd8,5911,【黑暗詭計#4 / 恐怖遊戲】護士姐姐先等等 我不想玩這麼大 ! 【灰妲】#台灣Vtuber​​​ #ReliveProject,2022-08-27T18:21:17Z,https://www.youtube.com/watch?v=mCPJZqA-vdk,https://i.ytimg.com/vi/mCPJZqA-vdk/mqdefault.jpg
e113ace92bbe445385bcc4635a9ca570,5909,【聊聊天】User睡不著嗎？⚡怎麼那麼可憐~需要聊聊嗎？,2022-08-20T19:43:32Z,https://www.youtube.com/watch?v=LRvU3RB8B8c,https://i.ytimg.com/vi/LRvU3RB8B8c/mqdefault.jpg
ecbeda5532474bdb8d08d4e15ce98d89,5895,小小夢魘啦＿#鬼燈留火恐怖遊戲接力企劃（新身體測試中）,2022-08-25T19:45:27Z,https://www.twitch.tv/videos/1572412632,https://static-cdn.jtvnw.net/cf_vods/d3vd9lfkzbru3h/49d7fa2d7650690ba644_huwaduck_39601153239_19//thumb/thumb0-%{width}x%{height}.jpg
494d2c5daf9f4a8a8e4538687e6be14c,5894,【鬼月ONLY】姬友鬼故事CALL IN活動 | 二水姊姊 /長官說沒事就是沒事/ 國軍弟兄辛苦了 | 【兔姬UsagiHime | 惡兔重工】,2022-08-06T20:03:51Z,https://www.youtube.com/watch?v=rEb-hOtbjGE,https://i.ytimg.com/vi/rEb-hOtbjGE/mqdefault.jpg
9d9c6477329245cbb2557895f4f15686,5883,Vtuber一問一答自我介紹 崩壞版！ 乙緹，但是盜乙緹,2022-08-18T13:12:29Z,https://www.youtube.com/watch?v=G1hJ4lzMeL8,https://i.ytimg.com/vi/G1hJ4lzMeL8/mqdefault.jpg
b126053a1356460ebf85a874a6a55aca,5871,3藍委救援青年抵台，航警局想把人帶走?｜側翼中傷Bump長相、學歷，外交部卻轉彎感謝 🍓20220818　#高雄林小姐 #Vtuber​​​​ #台灣Vtuber​​​ #台V​​,2022-08-18T13:08:18Z,https://www.youtube.com/watch?v=F1jx0Tq-7DM,https://i.ytimg.com/vi/F1jx0Tq-7DM/mqdefault.jpg
01f26342ae4e419280bcfd6ec6e86db1,5859,【遊戲實況】虛擬人擺虛擬夜市 ft. @Amrzs ch. 阿爾姿 （Minecraft）【十五號．Vtuber】,2022-08-25T16:32:47Z,https://www.youtube.com/watch?v=_qQ3LPkDx8o,https://i.ytimg.com/vi/_qQ3LPkDx8o/mqdefault.jpg
04d2ff1dde6b4bb68503a734274f4b7e,5859,【台詞回 2】鏡頭災難之10000人感謝祭 | 第二回合開始!!!,2022-08-27T15:22:46Z,https://www.youtube.com/watch?v=Y2raQt2VUHk,https://i.ytimg.com/vi/Y2raQt2VUHk/mqdefault.jpg
3809ec8a42634d11aa1b7b8f99755c6a,5816,【花花】 8/13 認真練習  發發活動  滿額送禮物!  活動辦法在DC公告欄 !活動 ✤ !YT ✤ !委託 ✤ !月榜 ✤ !VPN ✤ !隊友,2022-08-13T08:05:10Z,https://www.twitch.tv/videos/1560601185,https://static-cdn.jtvnw.net/cf_vods/d2nvs31859zcd8/6d1dfe2dda578e0813ff_mayberuu_41113392379_1660377905//thumb/thumb0-%{width}x%{height}.jpg
3f4650e05ceb41008bd16869780b7af1,5811,【貓咪研究室】史上最強(廢)超激回來了 最搞笑又具有迷因性的合作 活下去曼波魚轉蛋介紹《水羽 ほむら》【貓咪大戰爭】,2022-08-29T03:00:12Z,https://www.youtube.com/watch?v=LXQ5BTM0Tak,https://i.ytimg.com/vi/LXQ5BTM0Tak/mqdefault.jpg
3809ec8a42634d11aa1b7b8f99755c6a,5810,【花花】 8/27 九點抽獎!   新貼圖 -197 幫幫偶>< 工作環節 27-28抽獎 記得來  ✤ !YT ✤ !委託 ✤ !月榜 ✤ !VPN ✤ !隊友,2022-08-27T11:34:20Z,https://www.twitch.tv/videos/1574007445,https://static-cdn.jtvnw.net/cf_vods/d3vd9lfkzbru3h/d39941646b1363239c77_mayberuu_39609179239_1661600053//thumb/thumb0-%{width}x%{height}.jpg
95de1fe6727944e68404aec425d09170,5804,【もみもみホットケーキ】⚠黑暗料理界之從不吃甜點惡獸動手做自製鬆餅⚠我要把你阿嬤吃掉！！！【海唧/惡獸時代】,2022-08-17T14:56:23Z,https://www.youtube.com/watch?v=Apef4TdtqL0,https://i.ytimg.com/vi/Apef4TdtqL0/mqdefault.jpg
f6a4e7aa8d0c4e5cb39d199845ec4d02,5797,【omori】打敗甜心之後要去哪裡?....初見PLAY part.3,2022-08-05T13:30:35Z,https://www.youtube.com/watch?v=LSuMEmZfwSg,https://i.ytimg.com/vi/LSuMEmZfwSg/mqdefault.jpg
2e266a71aa3d4a67bb8d9a2a0b573319,5796,０８３１ (三) 開心度過每一天  | !YT !加班 !中秋活動 !八月活動 !魚幣比值  !Line,2022-08-31T05:07:02Z,https://www.twitch.tv/videos/1577640187,https://static-cdn.jtvnw.net/cf_vods/d3vd9lfkzbru3h/419304a5b6977835e095_ziifish_39625589879_1661922413//thumb/thumb0-%{width}x%{height}.jpg
95de1fe6727944e68404aec425d09170,5791,"【Outlast】絕命精神病院今天讓""最大""最可愛""的隊長Carry我，你們抓不到我的！！@歐貝爾【海唧/惡獸時代】",2022-08-05T14:19:12Z,https://www.youtube.com/watch?v=JhMq3ZZlCOQ,https://i.ytimg.com/vi/JhMq3ZZlCOQ/mqdefault.jpg
84a911e2b05f4919a32e0c1618e32a7d,5788,【Splatoon 3 耐久】來參加虛擬祭典！！！！【光逸 幸、繆・索緹絲 (NKshoujo)】,2022-08-28T13:24:46Z,https://www.youtube.com/watch?v=X_ZquVyg8BI,https://i.ytimg.com/vi/X_ZquVyg8BI/mqdefault.jpg
b126053a1356460ebf85a874a6a55aca,5770,疫苗採購價保密30年，保的是誰的命？｜你與文字獄間的距離，蔡英文9年迴力鏢出土 🍓20220820　#高雄林小姐 #Vtuber​​​​ #台灣Vtuber​​​ #台V​​,2022-08-20T13:28:12Z,https://www.youtube.com/watch?v=lhVAFZ0MVnE,https://i.ytimg.com/vi/lhVAFZ0MVnE/mqdefault.jpg
5535c9524eb046c38e172ebfa06b302f,5769,🔴AR60 ASIA【#原神 / Genshin】3.0須彌『提納里』代抽預約中! 每週日健檢帳號&滷肉幫到你家! ▹璐洛洛◃,2022-08-21T11:20:15Z,https://www.twitch.tv/videos/1568317902,https://static-cdn.jtvnw.net/cf_vods/d3vd9lfkzbru3h/383c100f35539627aa0b_ruroroisme_39588519335_1661080805//thumb/thumb0-%{width}x%{height}.jpg
3809ec8a42634d11aa1b7b8f99755c6a,5767,【花花】 8/8 發發活動開始  活動辦法在DC公告欄 ✤ !YT ✤ !委託 ✤ !月榜 ✤ !VPN,2022-08-08T11:19:49Z,https://www.twitch.tv/videos/1555817438,https://static-cdn.jtvnw.net/cf_vods/d3vd9lfkzbru3h/5d1fc2c080c493056645_mayberuu_39554647127_1659957582//thumb/thumb0-%{width}x%{height}.jpg
658e63bebdca421ca934b0bf6aa2bcd8,5765,【黑暗詭計#2  /恐遊】到處都是雕像 ! 令人絕望的追逐深淵【灰妲】#台灣Vtuber​​​ #ReliveProject,2022-08-06T22:45:02Z,https://www.youtube.com/watch?v=Jwr7uJCxT1k,https://i.ytimg.com/vi/Jwr7uJCxT1k/mqdefault.jpg
be6c475c291d45a0a7349abdb70be20d,5762,【GTA5實況】紀念黃金時代結束來金毛家開趴！佩里克島搶劫,2022-08-17T16:09:52Z,https://www.youtube.com/watch?v=mnfYnQN_Z9A,https://i.ytimg.com/vi/mnfYnQN_Z9A/mqdefault.jpg
70a7428607b845fc959fb7d4859d018b,5760,8/26 ◆ 先解解謎  晚點玩女鬼橋  |  !YT,2022-08-26T07:31:45Z,https://www.twitch.tv/videos/1572915077,https://static-cdn.jtvnw.net/cf_vods/d3vd9lfkzbru3h/b0a5c39cdc6564ecab5d_zona181227_39603731159_1661499099//thumb/thumb0-%{width}x%{height}.jpg
98e3a5838fec4a6caa936ae35485de23,5758,【Minecraft】麥了個塊！聊天亂蓋還有木棉花抽獎🍻【露恰露恰．Vtuber】,2022-08-03T17:57:16Z,https://www.youtube.com/watch?v=xi3o-FPyYZY,https://i.ytimg.com/vi/xi3o-FPyYZY/mqdefault.jpg
01f26342ae4e419280bcfd6ec6e86db1,5746,【遊戲實況】悠閒還貸生活（動物森友會）【十五號．Vtuber】,2022-08-06T21:19:06Z,https://www.youtube.com/watch?v=rtxPKIIdZ50,https://i.ytimg.com/vi/rtxPKIIdZ50/mqdefault.jpg
f110fd69b66941bab04de9ada563c6ac,5741,【七夕特別企劃】令人心動動的撩王達人即將誕生！快使用渾身解數來撩Aoi【AoiHinamori】,2022-08-04T15:57:57Z,https://www.youtube.com/watch?v=g--5drTpGG4,https://i.ytimg.com/vi/g--5drTpGG4/mqdefault.jpg
1a95bb88e451498ca3491b69af964588,5727,8/7 7:00 Live2Dお披露目! V-Type出道! | !集氣 !陪玩 !VPN !LINE群 |,2022-08-07T10:53:20Z,https://www.twitch.tv/videos/1554877061,https://static-cdn.jtvnw.net/cf_vods/d3vd9lfkzbru3h/559dd7ce1bd9846c7770_hsuanhsuandesu_39551942407_1659869592//thumb/thumb0-%{width}x%{height}.jpg
95de1fe6727944e68404aec425d09170,5714,【女鬼橋：開魂路】傳說中的靈異故事，今天就讓海哥與老翁一起挑戰詛咒吧！ft.@希翁 / Chion Ch. 【海唧/惡獸時代】,2022-09-01T14:22:11Z,https://www.youtube.com/watch?v=DHj2gmwKtHM,https://i.ytimg.com/vi/DHj2gmwKtHM/mqdefault.jpg
ea4c1a67c2e445ad8028768616ceb659,5711,【封面三爭霸！？】15分鐘的三戰勝負！相信兔姬評審的公正判決！【洛可洛斯特 / 周默 / 兔姬】,2022-08-31T15:08:37Z,https://www.youtube.com/watch?v=akk6RBbfOwE,https://i.ytimg.com/vi/akk6RBbfOwE/mqdefault.jpg
be6c475c291d45a0a7349abdb70be20d,5706,【GTA5】ULP：營救任務 | 飛跡行動 第三關 | 犯罪企業 The Criminal Enterprises,2022-08-07T02:00:01Z,https://www.youtube.com/watch?v=EIonATVhgAM,https://i.ytimg.com/vi/EIonATVhgAM/mqdefault.jpg
73f219fc31294239804b67151318e0a8,5704,8+9日常 #shorts,2022-08-21T23:00:14Z,https://www.youtube.com/watch?v=tJjx8t6dhPo,https://i.ytimg.com/vi/tJjx8t6dhPo/mqdefault.jpg
a3ce195c0069494c99849d0b1a10a7fd,5700,電風扇啊啊啊啊啊,2022-08-20T11:03:00Z,https://www.youtube.com/watch?v=Ua6g0xOUYbE,https://i.ytimg.com/vi/Ua6g0xOUYbE/mqdefault.jpg
423dd7da92be47f4af7273c5f74efb27,5696,Fei. 練一下 D2 ( ˙-˙ )  | !YT !VPN | 8/3,2022-08-03T07:44:58Z,https://www.twitch.tv/videos/1550919525,https://static-cdn.jtvnw.net/cf_vods/d3vd9lfkzbru3h/33a78cc4fc28264879ba_fei_z_39540158487_1659512693//thumb/thumb0-%{width}x%{height}.jpg
3c5b24ec5e7e4451a917bb1683298c05,5693,神っぽいな/ピノキオピー【Covered by 禾田加奈】,2022-08-12T13:30:11Z,https://www.youtube.com/watch?v=pmWUGDI5Qyo,https://i.ytimg.com/vi/pmWUGDI5Qyo/mqdefault.jpg
01f26342ae4e419280bcfd6ec6e86db1,5688,【觀眾參加可】大佬給我抱大腿！我想要暗碼士的框（Apex Legends）【十五號．Vtuber】,2022-08-13T16:48:21Z,https://www.youtube.com/watch?v=e5ItaMwg4-M,https://i.ytimg.com/vi/e5ItaMwg4-M/mqdefault.jpg
423dd7da92be47f4af7273c5f74efb27,5679,Fei. 💙 我愛DBD 💙 !活動 !比賽 !YT !VPN | 8/11,2022-08-11T04:19:43Z,https://www.twitch.tv/videos/1558564652,https://static-cdn.jtvnw.net/cf_vods/d3vd9lfkzbru3h/3471776a2e028fadf05f_fei_z_39562106775_1660191576//thumb/thumb0-%{width}x%{height}.jpg
b126053a1356460ebf85a874a6a55aca,5674,大選登記第一天，蔡其昌：前一棒太弱？｜柬埔寨拐騙案高雄版，7人甲仙求職被囚遭虐 🍓20220829　#高雄林小姐 #Vtuber​​​​ #台灣Vtuber​​​ #台V​​,2022-08-29T13:00:32Z,https://www.youtube.com/watch?v=CxE2VlRGt0A,https://i.ytimg.com/vi/CxE2VlRGt0A/mqdefault.jpg
70a7428607b845fc959fb7d4859d018b,5669,8/16 ◆ qoq9TRASH   健身環D4 抽AirPod 3 跟 blue麥克風 | !發發活動 !經驗計算  !YT !加班,2022-08-16T02:43:21Z,https://www.twitch.tv/videos/1563268527,https://static-cdn.jtvnw.net/cf_vods/d3vd9lfkzbru3h/a666513502dba7b14ad4_zona181227_39573064807_1660617794//thumb/thumb0-%{width}x%{height}.jpg
be6c475c291d45a0a7349abdb70be20d,5661,【GTA5實況】今天更新在佩里克島尋寶跟賽車的新差事！犯罪企業 The Criminal Enterprises,2022-08-11T16:54:26Z,https://www.youtube.com/watch?v=hy8mBBDoN-g,https://i.ytimg.com/vi/hy8mBBDoN-g/mqdefault.jpg
626750f4e7a745619c171c44fb1efcc0,5660,【1.5週年快樂】目標S馬育成!成功送YT會員  賽馬娘Pretty Derby  #20【天使Vtuber小雪Yukichan】,2022-08-08T09:52:56Z,https://www.youtube.com/watch?v=gUmVJa4X4lE,https://i.ytimg.com/vi/gUmVJa4X4lE/mqdefault.jpg
be6c475c291d45a0a7349abdb70be20d,5653,【GTA5實況】我預購了SteamDeck(跟GTA沒關係)！,2022-08-06T18:00:24Z,https://www.youtube.com/watch?v=opW-Ez2P02s,https://i.ytimg.com/vi/opW-Ez2P02s/mqdefault.jpg
fd6a0236861940389e15ef85b16c6069,5642,忙到整天沒睡，熬夜的天花板  ♡｜二周年周邊開放預購中｜!發發!周邊 !入羊教｜8/16,2022-08-18T00:41:08Z,https://www.twitch.tv/videos/1565072039,https://static-cdn.jtvnw.net/cf_vods/d3vd9lfkzbru3h/6d89abb1893a1f403687_hennie2001_39578397719_1660783260//thumb/thumb0-%{width}x%{height}.jpg
1c5619a4ece046dd8ba68ed343489ca3,5631,【李聽】情人節快樂💕｜Vtuber,2022-08-04T16:45:06Z,https://www.youtube.com/watch?v=Ef0iImFlXdI,https://i.ytimg.com/vi/Ef0iImFlXdI/mqdefault.jpg
265a18972d244affae35711cfd1f9931,5620,🐙麥塊參觀🐙收到 @阿睿 邀請要去參觀史上最大金字塔!!我好期待d(`･∀･)b【MiroLive/塔芭絲可 】,2022-08-04T15:02:02Z,https://www.youtube.com/watch?v=1PjXcaHM7Ls,https://i.ytimg.com/vi/1PjXcaHM7Ls/mqdefault.jpg
f6a4e7aa8d0c4e5cb39d199845ec4d02,5604,ヴぁろらんと初心者 @3,2022-08-28T15:06:56Z,https://www.twitch.tv/videos/1575122169,https://static-cdn.jtvnw.net/cf_vods/d3vd9lfkzbru3h/5ad304d8aa71d72c468c_vtuber_amiru_39614862663_1661699208//thumb/thumb0-%{width}x%{height}.jpg
590a2bca0051444fb98915e5d761d47c,5604,【AirLife】先單排 等等跟妹子play !新翻唱｜!精華 !六等星 ｜ #Vtype #小森未央,2022-08-19T14:30:20Z,https://www.twitch.tv/videos/1566458069,https://static-cdn.jtvnw.net/cf_vods/d3vd9lfkzbru3h/699fb35018e8a092d703_komorimio_39583145655_1660919412//thumb/thumb0-%{width}x%{height}.jpg
d6c4708f6eb94ac6ad7668363b132248,5603,【1.5W特別節目】鍵盤ASMR+水手服+一起聊天吧！,2022-08-16T17:22:13Z,https://www.youtube.com/watch?v=52aKybYd3JQ,https://i.ytimg.com/vi/52aKybYd3JQ/mqdefault.jpg
423dd7da92be47f4af7273c5f74efb27,5567,Fei. DBDTwitch盃🥳 !比賽 一分鐘延遲 | 訂閱福利請看 !活動 🔥 發發活動最後一天💗 !VPN | 8/20,2022-08-20T15:58:32Z,https://www.twitch.tv/videos/1567515704,https://static-cdn.jtvnw.net/cf_vods/d3vd9lfkzbru3h/f09bd842975c06dff54c_fei_z_39586492823_1661011106//thumb/thumb0-%{width}x%{height}.jpg
f6a4e7aa8d0c4e5cb39d199845ec4d02,5552,幻塔新手必知攻略！咪嚕有練過小朋友不要學:(´◦ω◦｀):,2022-08-28T04:00:22Z,https://www.youtube.com/watch?v=ZPTdN-gZroo,https://i.ytimg.com/vi/ZPTdN-gZroo/mqdefault.jpg
6c88799c6f45407faf0f9ea007b0dcab,5517,【賽馬娘】獅子杯決賽！一起緬懷最棒的大樹快車、各位最喜歡的女帝氣槽終於要發威了...?? レオ杯決勝/ウマ娘《鷲峰良》,2022-08-18T14:53:24Z,https://www.youtube.com/watch?v=Sq0VJbtjqZk,https://i.ytimg.com/vi/Sq0VJbtjqZk/mqdefault.jpg
f6a4e7aa8d0c4e5cb39d199845ec4d02,5500,很菜的A 渋ハルカスタム【杏仁ミル】ft.まさのりch、カグラナナ,2022-09-01T11:18:33Z,https://www.twitch.tv/videos/1578691351,https://static-cdn.jtvnw.net/cf_vods/d3vd9lfkzbru3h/0845b46873245d7ba6b1_vtuber_amiru_39630526311_1662031108//thumb/thumb0-%{width}x%{height}.jpg
6c88799c6f45407faf0f9ea007b0dcab,5492,【雜談】良的日本漂流記，來回木場老家雲逛一下!!順便看看Comike怎麼去~/良life《鷲峰良》,2022-08-27T15:57:35Z,https://www.youtube.com/watch?v=27WjFzutuqE,https://i.ytimg.com/vi/27WjFzutuqE/mqdefault.jpg
b126053a1356460ebf85a874a6a55aca,5484,殺警案出包多，訊息混亂險出事｜陳時中挺高端合約保密，有日或要賣到國外？ 🍓20220823　#高雄林小姐 #Vtuber​​​​ #台灣Vtuber​​​ #台V​​,2022-08-23T13:07:45Z,https://www.youtube.com/watch?v=-TjTbQzrDFc,https://i.ytimg.com/vi/-TjTbQzrDFc/mqdefault.jpg
b126053a1356460ebf85a874a6a55aca,5481,數發部預算211億，在野驚呼太可怕｜殺警凶嫌脫逃，典獄長遭拔官 🍓20220826　#高雄林小姐 #Vtuber​​​​ #台灣Vtuber​​​ #台V​​,2022-08-26T13:11:29Z,https://www.youtube.com/watch?v=FKa3qo1cYFE,https://i.ytimg.com/vi/FKa3qo1cYFE/mqdefault.jpg
8a4988902b5640e6ae1829285307c636,5477,🖤ʕ•ᴥ•ʔ 🖤when ice hit your feet？音量注意！尖叫牛仔(X)尖叫歐貝爾【歐貝爾．Vtuber】big enough｜#shorts,2022-08-19T12:26:21Z,https://www.youtube.com/watch?v=5_0_tZDiBOw,https://i.ytimg.com/vi/5_0_tZDiBOw/mqdefault.jpg
b126053a1356460ebf85a874a6a55aca,5477,四飛彈穿台灣上空，日本說民眾才知道｜美、蔡站在一起用嘴守護台灣 🍓20220805　#高雄林小姐 #Vtuber​​​​ #台灣Vtuber​​​ #台V​​,2022-08-05T13:32:18Z,https://www.youtube.com/watch?v=PwyPm-NBDOU,https://i.ytimg.com/vi/PwyPm-NBDOU/mqdefault.jpg
d1dd83b6e8a24df4b61f766cff45113c,5466,【闇影詩章】牌組分享➤一張牌直接起飛✨抽牌真的有夠重要，斬殺都不來穩穩舖場都能贏！➧指定 T1 RoG〈shadowverse/シャドウバース〉【台V/台灣Vtuber】,2022-08-22T11:53:37Z,https://www.youtube.com/watch?v=RXfm5tG5cl8,https://i.ytimg.com/vi/RXfm5tG5cl8/mqdefault.jpg
84a911e2b05f4919a32e0c1618e32a7d,5461,【彈吉他+玩遊戲】先唱個三首歌，再來玩遊戲【光逸 幸 / Kouitu Sin】,2022-08-07T16:56:46Z,https://www.youtube.com/watch?v=JLXGyFeeWro,https://i.ytimg.com/vi/JLXGyFeeWro/mqdefault.jpg
98e3a5838fec4a6caa936ae35485de23,5442,【深夜談】RE:抄經台，靜下心好好寫...希望如此🍻【露恰露恰．Vtuber】,2022-08-15T17:04:55Z,https://www.youtube.com/watch?v=PXQe-zt3cL8,https://i.ytimg.com/vi/PXQe-zt3cL8/mqdefault.jpg
be6c475c291d45a0a7349abdb70be20d,5440,【Yu精華】幸好我是跳傘小天才！GTA5,2022-08-05T06:29:39Z,https://www.youtube.com/watch?v=ykSQoQYbEr0,https://i.ytimg.com/vi/ykSQoQYbEr0/mqdefault.jpg
7c06b9e316ce4ac18ce836cd72442bbe,5431,多摸摸我吧，主人【動物歌枠精華】#shorts #うらたねこ♀ #HoneyWorks,2022-08-29T04:00:00Z,https://www.youtube.com/watch?v=235W7dK4k4A,https://i.ytimg.com/vi/235W7dK4k4A/mqdefault.jpg
a3ce195c0069494c99849d0b1a10a7fd,5429,【#閒聊】喘口氣閒聊！想聊什麼放馬過來吧～｜ #悠白 #Ubye,2022-08-24T16:45:21Z,https://www.youtube.com/watch?v=deRje3Wku6E,https://i.ytimg.com/vi/deRje3Wku6E/mqdefault.jpg
05e831b267914fc5b4d9b28de1f648dc,5427,【 災難 】🤷‍♂️ 我的公關 × 你的災難 🔥 我的封面 × 你的同擔 😍【sazki | vtuber】,2022-08-19T13:41:29Z,https://www.youtube.com/watch?v=UwZxY58g4tA,https://i.ytimg.com/vi/UwZxY58g4tA/mqdefault.jpg
6c88799c6f45407faf0f9ea007b0dcab,5419,【賽馬娘】大樹快車x小笠帽！獅子杯短距，離根賢流櫻花肉產地直送!! ウマ娘《鷲峰良》,2022-08-10T14:23:51Z,https://www.youtube.com/watch?v=Dtr-oUSyc00,https://i.ytimg.com/vi/Dtr-oUSyc00/mqdefault.jpg
265a18972d244affae35711cfd1f9931,5418,🐙運動加班台(連續15天)🐙只好使用金錢的力量 逼迫自己多運動+順便創建Tako邪教  DAY14【MiroLive/塔芭絲可】,2022-08-30T19:34:23Z,https://www.youtube.com/watch?v=jBZV93ldZCk,https://i.ytimg.com/vi/jBZV93ldZCk/mqdefault.jpg
3c16d0b797bf49c3a4a6c043802ee2ec,5417,不准哭，再見！,2022-08-31T14:50:14Z,https://www.youtube.com/watch?v=6Iez2_i9tt8,https://i.ytimg.com/vi/6Iez2_i9tt8/mqdefault.jpg
95de1fe6727944e68404aec425d09170,5410,【健身環大冒險】還債運動時間，深蹲使海唧尾巴翹起來！！【海唧/惡獸時代】,2022-08-22T14:34:10Z,https://www.youtube.com/watch?v=SICxhk-RY0U,https://i.ytimg.com/vi/SICxhk-RY0U/mqdefault.jpg
3809ec8a42634d11aa1b7b8f99755c6a,5409,【花花】 8/24  快可以拿新貼圖了幫幫偶>< 工作環節 27-28抽獎 記得來  ✤ !YT ✤ !委託 ✤ !月榜 ✤ !VPN ✤ !隊友,2022-08-24T12:27:03Z,https://www.twitch.tv/videos/1571183465,https://static-cdn.jtvnw.net/cf_vods/d3vd9lfkzbru3h/6565297686942eeb9df2_mayberuu_39596981175_1661344016//thumb/thumb0-%{width}x%{height}.jpg
f110fd69b66941bab04de9ada563c6ac,5407,【布丁對決料理－第二屆】布丁是神聖的美食！報名參加看說明欄！｜今日評審：@Neko Matsuri Ch. 貓祭 【AoiHinamori】,2022-08-21T15:53:43Z,https://www.youtube.com/watch?v=9Y1XNToeWTs,https://i.ytimg.com/vi/9Y1XNToeWTs/mqdefault.jpg
b126053a1356460ebf85a874a6a55aca,5387,陳時中：高端沒做完3期當然沒保護效力資料｜馬斯克：瘋了才關核電需石油天然氣 🍓20220831　#高雄林小姐 #Vtuber​​​​ #台灣Vtuber​​​ #台V​​,2022-08-31T12:54:20Z,https://www.youtube.com/watch?v=ZvCVZZjTglU,https://i.ytimg.com/vi/ZvCVZZjTglU/mqdefault.jpg
a02bb0332f5942ec892c932d6a089014,5382,重大告知，大家注意！9月即將要來夢幻連動！【貝莉莓】,2022-08-16T09:30:05Z,https://www.youtube.com/watch?v=cMvouxbs6C8,https://i.ytimg.com/vi/cMvouxbs6C8/mqdefault.jpg
be6c475c291d45a0a7349abdb70be20d,5347,你缺遊戲玩嗎？懂慈善包讓你遊戲玩不完！,2022-08-18T12:29:07Z,https://www.youtube.com/watch?v=VIMYq3PeUWU,https://i.ytimg.com/vi/VIMYq3PeUWU/mqdefault.jpg
b126053a1356460ebf85a874a6a55aca,5324,經濟制裁一波又一波？六面楚歌…台灣被中共軍演包緊緊！ 🍓20220803　#高雄林小姐 #Vtuber​​​​ #台灣Vtuber​​​ #台V​​,2022-08-03T12:53:39Z,https://www.youtube.com/watch?v=EXx7m3bu4dg,https://i.ytimg.com/vi/EXx7m3bu4dg/mqdefault.jpg
b126053a1356460ebf85a874a6a55aca,5318,台大認證林智堅抄襲被圍勦，王世堅、高嘉瑜、鄭寶清+1｜陳其邁護堅搞到失憶瞎扯李眉蓁兩年才道歉?! 🍓20220810　#高雄林小姐 #Vtuber​​​​ #台灣Vtuber​​​ #台V​​,2022-08-10T13:14:00Z,https://www.youtube.com/watch?v=BfvZsP-zTeI,https://i.ytimg.com/vi/BfvZsP-zTeI/mqdefault.jpg
423dd7da92be47f4af7273c5f74efb27,5313,Fei. 好欸  ٩(๑> ₃ <)۶  !比賽 | 訂閱福利請看 !活動 ➷🔥 !YT !VPN | 8/26,2022-08-26T07:57:14Z,https://www.twitch.tv/videos/1572923382,https://static-cdn.jtvnw.net/cf_vods/d3vd9lfkzbru3h/713f115a2e4bcce3ffa3_fei_z_39603802727_1661500629//thumb/thumb0-%{width}x%{height}.jpg
8a4988902b5640e6ae1829285307c636,5304,【歌回】祝我永遠的歌姬生日快樂！以後也會繼續MIKUMIKU！初音ミク生誕祭歌回【歐貝爾．Vtuber】,2022-08-31T15:08:51Z,https://www.youtube.com/watch?v=-nfk9xVsDWw,https://i.ytimg.com/vi/-nfk9xVsDWw/mqdefault.jpg
494d2c5daf9f4a8a8e4538687e6be14c,5284,兔子口技驚人  | #shorts 【兔姬UsagiHime | 惡兔重工】,2022-08-11T17:12:11Z,https://www.youtube.com/watch?v=4Xc0J5dE5pk,https://i.ytimg.com/vi/4Xc0J5dE5pk/mqdefault.jpg
8a4988902b5640e6ae1829285307c636,5273,【雜談】炎炎夏日吃個東西唱個歌聊個天，咻的一聲隊長就出現了【歐貝爾．Vtuber】,2022-08-18T11:06:47Z,https://www.youtube.com/watch?v=m_w12a4vXsA,https://i.ytimg.com/vi/m_w12a4vXsA/mqdefault.jpg
ecbeda5532474bdb8d08d4e15ce98d89,5265,小小夢魘啦＿#鬼燈留火恐怖遊戲接力企劃（新身體測試中）,2022-08-25T14:15:19Z,https://www.twitch.tv/videos/1572157053,https://static-cdn.jtvnw.net/cf_vods/d3vd9lfkzbru3h/35f3b73820d6d5566d74_huwaduck_39601153239_1661436912//thumb/thumb0-%{width}x%{height}.jpg
265a18972d244affae35711cfd1f9931,5258,TAKOASMR: 雜談向 等姊姊工作完 就可以陪你睡覺了 你說的每一句話我都會聽的💓【MiroLive/塔芭絲可/3DIO】,2022-09-01T17:15:51Z,https://www.youtube.com/watch?v=FR7lxDS3lqE,https://i.ytimg.com/vi/FR7lxDS3lqE/mqdefault.jpg
98e3a5838fec4a6caa936ae35485de23,5256,【深夜談】野放回來的復出雜談談談談談🍻【露恰露恰．Vtuber】,2022-08-24T17:23:14Z,https://www.youtube.com/watch?v=TEQ4dp41Nhg,https://i.ytimg.com/vi/TEQ4dp41Nhg/mqdefault.jpg
95de1fe6727944e68404aec425d09170,5253,【幻塔​​​​​​】新手入坑試玩，今天要用懶貓子RUMI一起走遍整個奇幻世界！！【海唧/惡獸時代】,2022-08-15T14:25:49Z,https://www.youtube.com/watch?v=OBqLqn7QLpc,https://i.ytimg.com/vi/OBqLqn7QLpc/mqdefault.jpg
b126053a1356460ebf85a874a6a55aca,5237,民眾望政府救國人，有些人卻努力在爭辯｜20-24失業率創新高竟達13.41％ 🍓20220816　#高雄林小姐 #Vtuber​​​​ #台灣Vtuber​​​ #台V​​,2022-08-16T13:43:44Z,https://www.youtube.com/watch?v=Ew-DFW9G7ik,https://i.ytimg.com/vi/Ew-DFW9G7ik/mqdefault.jpg
8a4988902b5640e6ae1829285307c636,5227,【雜談】關於昨天的歌回，設備調整+把昨天的歌都唱回來【歐貝爾．Vtuber】,2022-09-01T17:23:02Z,https://www.youtube.com/watch?v=ZYw_uQQq_J4,https://i.ytimg.com/vi/ZYw_uQQq_J4/mqdefault.jpg
3809ec8a42634d11aa1b7b8f99755c6a,5211,【花花】 8/9 認真練習 發發活動  滿額送禮物!  活動辦法在DC公告欄 !活動 ✤ !YT ✤ !委託 ✤ !月榜 ✤ !VPN,2022-08-09T07:29:55Z,https://www.twitch.tv/videos/1556688565,https://static-cdn.jtvnw.net/cf_vods/d3vd9lfkzbru3h/c4d344fbe6a866ef9156_mayberuu_39556810663_1660030188//thumb/thumb0-%{width}x%{height}.jpg
1053fad74222424c83f1498fc7896d75,5207,8/19 練習拋鍋 好像失敗惹 #shorts #food,2022-08-18T16:55:15Z,https://www.youtube.com/watch?v=3wU6EE_Ley4,https://i.ytimg.com/vi/3wU6EE_Ley4/mqdefault.jpg
98e3a5838fec4a6caa936ae35485de23,5206,【夜談】原創曲發布！一起來倒數吧🍻【露恰露恰．Vtuber】,2022-08-10T13:59:19Z,https://www.youtube.com/watch?v=HnzFn7X_q6s,https://i.ytimg.com/vi/HnzFn7X_q6s/mqdefault.jpg
b126053a1356460ebf85a874a6a55aca,5205,張善政涉抄襲？烏龍爆料是唬誰｜畏懼誰的淫威？平台自我審查像大陸 🍓20220830　#高雄林小姐 #Vtuber​​​​ #台灣Vtuber​​​ #台V​​,2022-08-30T15:00:45Z,https://www.youtube.com/watch?v=bGvLW0-BBy8,https://i.ytimg.com/vi/bGvLW0-BBy8/mqdefault.jpg
ea4c1a67c2e445ad8028768616ceb659,5202,【突發午後雜談🥞】今天除了是國際懶惰日還是....那個日子！？【洛可洛斯特 / VTUBER】,2022-08-10T09:54:03Z,https://www.youtube.com/watch?v=RzO-mElwKwg,https://i.ytimg.com/vi/RzO-mElwKwg/mqdefault.jpg
01f26342ae4e419280bcfd6ec6e86db1,5196,【遊戲實況】用Apex毒圈烤和牛 with @Olda ch. 歐妲 @Amrzs ch. 阿爾姿 （Apex Legends）【十五號．Vtuber】,2022-08-31T15:29:57Z,https://www.youtube.com/watch?v=Jd4CJALXCys,https://i.ytimg.com/vi/Jd4CJALXCys/mqdefault.jpg
1c5619a4ece046dd8ba68ed343489ca3,5196,泰國人太色了⛔台灣人不能坐視不管❗我決定Gay彎他❗,2022-08-06T11:31:51Z,https://www.youtube.com/watch?v=qm0mKFCBrNI,https://i.ytimg.com/vi/qm0mKFCBrNI/mqdefault.jpg
1053fad74222424c83f1498fc7896d75,5193,8/16 煎雞腿 #shorts #food #chicken,2022-08-16T01:18:58Z,https://www.youtube.com/watch?v=7e7_agW2Ln0,https://i.ytimg.com/vi/7e7_agW2Ln0/mqdefault.jpg
265a18972d244affae35711cfd1f9931,5183,TAKOASMR:舒眠向 無人聲 8種物品觸發音+鏡頭使用 8 Triggers&Camera on 【Mirolive/塔芭絲可】,2022-08-12T15:00:15Z,https://www.youtube.com/watch?v=xssv9nkWA-4,https://i.ytimg.com/vi/xssv9nkWA-4/mqdefault.jpg
b126053a1356460ebf85a874a6a55aca,5172,內湖里長不滿陳時中交通政策，陳說批評要用腦筋惹議｜高雄工地塌陷災情擴大！市府初判12棟成危樓 🍓20220814　#高雄林小姐 #Vtuber​​​​ #台灣Vtuber​​​ #台V​​,2022-08-14T16:10:20Z,https://www.youtube.com/watch?v=-TNe6BKozHE,https://i.ytimg.com/vi/-TNe6BKozHE/mqdefault.jpg
b126053a1356460ebf85a874a6a55aca,5170,穿抄人服貼林智堅誰是真抄人?｜大陸菇農藥屢超標仍放行，因怕被認為是報復 🍓20220807　#高雄林小姐 #Vtuber​​​​ #台灣Vtuber​​​ #台V​​,2022-08-07T15:21:56Z,https://www.youtube.com/watch?v=HXeYtrg4LJ0,https://i.ytimg.com/vi/HXeYtrg4LJ0/mqdefault.jpg
98e3a5838fec4a6caa936ae35485de23,5159,【SILT #3】兒童泳池水深67公分～這次蘿恰要挑戰今天玩完！🍻【露恰露恰．Vtuber】,2022-08-12T17:05:00Z,https://www.youtube.com/watch?v=yip5ms8OEKI,https://i.ytimg.com/vi/yip5ms8OEKI/mqdefault.jpg
b126053a1356460ebf85a874a6a55aca,5151,仇警網紅引發警憤｜數位發展部爭議多，有民主網路司還有多元宇宙科 🍓20220828　#高雄林小姐 #Vtuber​​​​ #台灣Vtuber​​​ #台V​​,2022-08-28T13:26:38Z,https://www.youtube.com/watch?v=qX7G33gIJRw,https://i.ytimg.com/vi/qX7G33gIJRw/mqdefault.jpg
a3ce195c0069494c99849d0b1a10a7fd,5150,【#Sims4雲際線工作室工程 EP4】空間不夠用只好又遷址！但新家的光照很奇怪？！｜ #悠白 #Ubye #模擬市民 #建築,2022-08-21T09:08:15Z,https://www.youtube.com/watch?v=i7uX7Qj0CgY,https://i.ytimg.com/vi/i7uX7Qj0CgY/mqdefault.jpg
6c88799c6f45407faf0f9ea007b0dcab,5144,【雜談/塗鴉】來點近況閒聊邊畫新會員貼圖啦！希望這次能畫超過兩張！！《鷲峰良》,2022-08-04T17:58:02Z,https://www.youtube.com/watch?v=cYSYZc2jUe8,https://i.ytimg.com/vi/cYSYZc2jUe8/mqdefault.jpg
b126053a1356460ebf85a874a6a55aca,5118,林智堅「被」退選？大鵬斬智好閨密，你是不是也很失落？ 🍓20220812　#高雄林小姐 #Vtuber​​​​ #台灣Vtuber​​​ #台V​​,2022-08-12T13:06:24Z,https://www.youtube.com/watch?v=olHvf6mk4mA,https://i.ytimg.com/vi/olHvf6mk4mA/mqdefault.jpg
95de1fe6727944e68404aec425d09170,5117,【蜂蜜洋釀韓風炸鷄腿試吃】純正海獸語聊天在線中❤今天一隻公雞很開心的拿到麥當勞的Offer！【海唧/惡獸時代】,2022-08-19T12:22:54Z,https://www.youtube.com/watch?v=avAc12fjXdU,https://i.ytimg.com/vi/avAc12fjXdU/mqdefault.jpg
de0e98c9266449b7874a942cbbb63a0d,5102,【深夜禽話 Club A.】今晚我想來點真心話 睡前一起伸個懶腰 我們聊著入睡吧【阿爾姿/惡獸時代】,2022-08-20T19:47:53Z,https://www.youtube.com/watch?v=oiFynMWODIU,https://i.ytimg.com/vi/oiFynMWODIU/mqdefault.jpg
be6c475c291d45a0a7349abdb70be20d,5101,【GTA5實況】金毛的暑假結束了嗎？佩里克島搶劫,2022-08-14T17:44:39Z,https://www.youtube.com/watch?v=r0c6NcsfsWM,https://i.ytimg.com/vi/r0c6NcsfsWM/mqdefault.jpg
b126053a1356460ebf85a874a6a55aca,5101,林智堅助理幫他抄？媒體人爆黨內早知道｜藍委衝柬埔寨，政府何時派人去？ 🍓20220815　#高雄林小姐 #Vtuber​​​​ #台灣Vtuber​​​ #台V​​,2022-08-15T13:30:57Z,https://www.youtube.com/watch?v=1TNda2pzdVU,https://i.ytimg.com/vi/1TNda2pzdVU/mqdefault.jpg
626750f4e7a745619c171c44fb1efcc0,5093,短距離S馬育成!基改起來!  賽馬娘Pretty Derby  #21【天使Vtuber小雪Yukichan】,2022-08-09T10:06:11Z,https://www.youtube.com/watch?v=We5FJQdiTF4,https://i.ytimg.com/vi/We5FJQdiTF4/mqdefault.jpg
a8ce4642418b4fe8ba1471a32097f4c4,5078,【Pacify】閱覽注意！今天是耳膜直銷大會，還是禁字大挑戰時間！ ft.灰妲 、阿爾姿、麵音白湯 【歐妲/惡獸時代】,2022-08-17T14:52:26Z,https://www.youtube.com/watch?v=HGKRtiV5Cik,https://i.ytimg.com/vi/HGKRtiV5Cik/mqdefault.jpg
7c06b9e316ce4ac18ce836cd72442bbe,5075,【FF39回顧篇(下)】一等星的新福利...竟然是！？【浠Mizuki 官方精華】,2022-08-03T11:00:06Z,https://www.youtube.com/watch?v=8FJxg7YVjV0,https://i.ytimg.com/vi/8FJxg7YVjV0/mqdefault.jpg
b126053a1356460ebf85a874a6a55aca,5065,中共軍演台灣人無感？你猜是為什麼？｜陳時中被告發，拍手發大財 🍓20220808　#高雄林小姐 #Vtuber​​​​ #台灣Vtuber​​​ #台V​​,2022-08-08T13:42:13Z,https://www.youtube.com/watch?v=_-Xe8V6JIiQ,https://i.ytimg.com/vi/_-Xe8V6JIiQ/mqdefault.jpg
e113ace92bbe445385bcc4635a9ca570,5047,【Apex 英雄】泡泡平上線⚡User對不起！,2022-08-26T19:29:21Z,https://www.youtube.com/watch?v=CMqslnICaRA,https://i.ytimg.com/vi/CMqslnICaRA/mqdefault.jpg
95de1fe6727944e68404aec425d09170,5039,【Outlast】今夜要跟死靈護士逃出生天！不要再追了！！ft. @希翁 / Chion Ch. 【海唧/惡獸時代】,2022-08-26T16:27:56Z,https://www.youtube.com/watch?v=kK8pl0OAyBM,https://i.ytimg.com/vi/kK8pl0OAyBM/mqdefault.jpg
ea4c1a67c2e445ad8028768616ceb659,5037,【官方烤肉精華】耍賤招想要在醫院格放炸彈炸死NPC，結果自爆的大富翁4！【洛可洛斯特 / VTUBER】,2022-08-05T17:09:32Z,https://www.youtube.com/watch?v=GjtZ4aLYF58,https://i.ytimg.com/vi/GjtZ4aLYF58/mqdefault.jpg
a3ce195c0069494c99849d0b1a10a7fd,5034,【#棉花糖吃吃 EP12】挑戰！今天能不能快速吃到20個數量呢？！｜ #悠白 #Ubye,2022-08-07T18:05:29Z,https://www.youtube.com/watch?v=gA1D-cdwB6Q,https://i.ytimg.com/vi/gA1D-cdwB6Q/mqdefault.jpg
1254f176d93548aca5ac7f4b53313f71,5032,#抖音 #短视频  #shorts #shortsvtuber #抖音热门 #抖音歌曲 #抖音流行歌曲 #短視頻  #短影片  #短片分享  #廢片   #演算法 #shorts勢vtuber,2022-08-17T09:02:41Z,https://www.youtube.com/watch?v=9WRAaM7kP_w,https://i.ytimg.com/vi/9WRAaM7kP_w/mqdefault.jpg
3809ec8a42634d11aa1b7b8f99755c6a,5032,【花花】 8/12  等看選秀  發發活動  滿額送禮物!  活動辦法在DC公告欄 !活動 ✤ !YT ✤ !委託 ✤ !月榜 ✤ !VPN,2022-08-12T10:40:55Z,https://www.twitch.tv/videos/1559676049,https://static-cdn.jtvnw.net/cf_vods/d3vd9lfkzbru3h/f996c4d389caaaf92e0d_mayberuu_39565711943_1660300847//thumb/thumb0-%{width}x%{height}.jpg
494d2c5daf9f4a8a8e4538687e6be14c,5021,【華国駅前】兔姬該怎麼辦~做人好難~陪我去一趟【兔姬UsagiHime | 惡兔重工】,2022-08-18T15:37:52Z,https://www.youtube.com/watch?v=XKothR6jgzQ,https://i.ytimg.com/vi/XKothR6jgzQ/mqdefault.jpg
265a18972d244affae35711cfd1f9931,5007,🐙3萬訂閱慶祝加班台#8🐙跟你一起睡個好覺💓(加班規則看資訊區)【MiroLive/塔芭絲可】,2022-08-25T23:28:27Z,https://www.youtube.com/watch?v=ucyu3fS67jA,https://i.ytimg.com/vi/ucyu3fS67jA/mqdefault.jpg
04d2ff1dde6b4bb68503a734274f4b7e,4996,【收益化特別節目】你相信愛情嗎？快來體驗超乎想像的攻略遊戲 !!,2022-08-06T15:59:19Z,https://www.youtube.com/watch?v=xsTJ77xSJ5k,https://i.ytimg.com/vi/xsTJ77xSJ5k/mqdefault.jpg
c41044006a014ed28107f33221a7de98,4967,【PAINTING】七夕就一起來畫夏日衣裝吧【AsaIfrit】 #asalive,2022-08-04T20:45:25Z,https://www.youtube.com/watch?v=MmhDDcYDQnw,https://i.ytimg.com/vi/MmhDDcYDQnw/mqdefault.jpg
6fb8c6dea7404638a9d78d4b0d84f64c,4964,【雜談】我說什麼起司團聽什麼！但是，要說什麼？【祈菈．貝希毛絲】,2022-08-23T17:51:18Z,https://www.youtube.com/watch?v=XF4AyJVG2MI,https://i.ytimg.com/vi/XF4AyJVG2MI/mqdefault.jpg
1254f176d93548aca5ac7f4b53313f71,4963,#抖音 #短视频  #shorts #shortsvtuber #抖音热门 #抖音歌曲 #抖音流行歌曲 #短視頻 #短影片  #短片分享  #廢片 #演算法 #shorts勢vtuber,2022-08-21T14:32:52Z,https://www.youtube.com/watch?v=LS6VsD0jWf0,https://i.ytimg.com/vi/LS6VsD0jWf0/mqdefault.jpg
7c06b9e316ce4ac18ce836cd72442bbe,4950,和毛茸茸一起看極光吧！【新衣裝發布精華】#shorts #GoodMorningPolarNight,2022-08-28T04:00:03Z,https://www.youtube.com/watch?v=8eczy6QbLsQ,https://i.ytimg.com/vi/8eczy6QbLsQ/mqdefault.jpg
664e1b310cf343b78623f99b31e40fae,4946,🔴LIVE - 夜間閒聊台,2022-08-28T15:13:16Z,https://www.youtube.com/watch?v=5ROGSN_lkPY,https://i.ytimg.com/vi/5ROGSN_lkPY/mqdefault.jpg
b126053a1356460ebf85a874a6a55aca,4941,中華抄襲認定，智堅碩士又被收回｜總統死不認錯，只稱中介法欠「周延」 🍓20220824　#高雄林小姐 #Vtuber​​​​ #台灣Vtuber​​​ #台V​​,2022-08-24T12:47:45Z,https://www.youtube.com/watch?v=TfbBjL0LKaA,https://i.ytimg.com/vi/TfbBjL0LKaA/mqdefault.jpg
5535c9524eb046c38e172ebfa06b302f,4934,【賽馬娘 Pretty Derby】🐴台服改版『天與地』，就連抽卡也『天與地』，和200單的課長一起抽小北，特地穿上鈴鹿決勝服也無力回天...老皮影片最後神回! ▹璐洛洛◃,2022-08-22T14:00:14Z,https://www.youtube.com/watch?v=5kGpHxb4ENU,https://i.ytimg.com/vi/5kGpHxb4ENU/mqdefault.jpg
f5ff982730f54cd4826ff0530a4288c2,4930,🍜 【雜談】輕聲細語聊聊整個月連動的日子【白湯】,2022-08-31T16:05:41Z,https://www.youtube.com/watch?v=XsCm6y1TnlQ,https://i.ytimg.com/vi/XsCm6y1TnlQ/mqdefault.jpg
f18407d79b4b43ffa6adf629d1723a8f,4912,【SC雜談】慣例的感謝SC ! 在不謝真的謝不完了 !  然後輕聊天吧 !【不夜皇FuyaSumeragi・VTuber】,2022-08-25T15:53:56Z,https://www.youtube.com/watch?v=gUAwQzT3bEU,https://i.ytimg.com/vi/gUAwQzT3bEU/mqdefault.jpg
2741a90689f342548daad7f760b0a8f7,4911,【突然的我來了】來畫畫！8月如果沒有兔子那是不被原諒ㄉ．．．【希翁／Chion 】,2022-08-06T16:15:26Z,https://www.youtube.com/watch?v=bM_avpCFPGI,https://i.ytimg.com/vi/bM_avpCFPGI/mqdefault.jpg
658e63bebdca421ca934b0bf6aa2bcd8,4908,【怪談朗讀#2 / 鬼月企劃】繼續在夏日朗讀著怪談...【灰妲】#台灣Vtuber​​​ #ReliveProject,2022-08-12T19:35:51Z,https://www.youtube.com/watch?v=kebb8K9XNHc,https://i.ytimg.com/vi/kebb8K9XNHc/mqdefault.jpg
95de1fe6727944e68404aec425d09170,4906,【Untitled Goose Game 】無敵整人破壞鵝，海鵝、希鵝愛搗蛋！今天就要來白目搞破壞！！ft.@希翁 / Chion Ch. 【海唧/惡獸時代】,2022-08-09T16:03:10Z,https://www.youtube.com/watch?v=tJM9W_pg5-w,https://i.ytimg.com/vi/tJM9W_pg5-w/mqdefault.jpg
2e266a71aa3d4a67bb8d9a2a0b573319,4905,０８１８ (四) 早上好  | !YT !加班 !中秋活動 !八月活動 !魚幣比值 !發發活動 !Line,2022-08-18T01:32:53Z,https://www.twitch.tv/videos/1565121590,https://static-cdn.jtvnw.net/cf_vods/d3vd9lfkzbru3h/ae3810d341cd08a5b2dc_ziifish_39578466215_1660786363//thumb/thumb0-%{width}x%{height}.jpg
6c88799c6f45407faf0f9ea007b0dcab,4889,【作業】睡醒作業7，要來Do點工作《鷲峰良》,2022-08-09T20:46:44Z,https://www.youtube.com/watch?v=ft1RsIiN2UU,https://i.ytimg.com/vi/ft1RsIiN2UU/mqdefault.jpg
9e64bba43928414884503de36f805c48,4888,8/20 | 比賽!!!通知音效全關不看聊天室 !比賽 6/19~8/20 生日加班台 !加班 !紋紋證交所 !股票 !YT,2022-08-20T10:56:42Z,https://www.twitch.tv/videos/1567327674,https://static-cdn.jtvnw.net/cf_vods/d3vd9lfkzbru3h/0b39997f2388b63c01d1_wen620_39585425271_1660992995//thumb/thumb0-%{width}x%{height}.jpg
bed13deb3871443980e131a466519b54,4881,【銀鈴雜談】我覺得妳的眼睛好像我的前女友【2022/8/19】,2022-08-19T04:54:52Z,https://www.youtube.com/watch?v=1h_4HkElmUI,https://i.ytimg.com/vi/1h_4HkElmUI/mqdefault.jpg
f18407d79b4b43ffa6adf629d1723a8f,4881,【不夜精華】阿公阿嬤遊覽車開起來！下一站挪威的森林！【不夜皇FuyaSumeragi・VTuber】,2022-08-03T13:15:01Z,https://www.youtube.com/watch?v=PLKd--dF0h4,https://i.ytimg.com/vi/PLKd--dF0h4/mqdefault.jpg
1c5619a4ece046dd8ba68ed343489ca3,4881,拉一下傑尼龜頭🐢,2022-08-27T10:26:20Z,https://www.youtube.com/watch?v=89COmS3RHy8,https://i.ytimg.com/vi/89COmS3RHy8/mqdefault.jpg
6c88799c6f45407faf0f9ea007b0dcab,4877,【雜談】有點久不見的近況報告，Chill Chill 的來聊一下《鷲峰良》,2022-08-25T15:38:18Z,https://www.youtube.com/watch?v=E5nIeIq_Wlw,https://i.ytimg.com/vi/E5nIeIq_Wlw/mqdefault.jpg
265a18972d244affae35711cfd1f9931,4867,🐙3萬訂閱慶祝加班台#11🐙突破4.73囉!!今日流程 吃飯 整理家裡  (加班規則看資訊區)【MiroLive/塔芭絲可】,2022-08-27T10:11:41Z,https://www.youtube.com/watch?v=6LjNBk0oTbk,https://i.ytimg.com/vi/6LjNBk0oTbk/mqdefault.jpg
3809ec8a42634d11aa1b7b8f99755c6a,4855,【花花】 8/25  快可以拿新貼圖了-151幫幫偶>< 工作環節 27-28抽獎 記得來  ✤ !YT ✤ !委託 ✤ !月榜 ✤ !VPN ✤ !隊友,2022-08-25T11:58:08Z,https://www.twitch.tv/videos/1572074582,https://static-cdn.jtvnw.net/cf_vods/d3vd9lfkzbru3h/a4cc0c10e16fedb76fea_mayberuu_39600382567_1661428681//thumb/thumb0-%{width}x%{height}.jpg
95de1fe6727944e68404aec425d09170,4854,【開箱】誰說我不吃菜？麥當勞植物系漢堡全台只有20萬顆搶先試吃【海唧/惡獸時代】,2022-08-25T14:04:21Z,https://www.youtube.com/watch?v=omARF50lk3o,https://i.ytimg.com/vi/omARF50lk3o/mqdefault.jpg
8b027d3a3f374c9c8398b6dd751e5018,4852,💦比賽沒通知、不看聊天室、一分鐘延遲💦加班D12💕發發最後一天💕贈訂就可以抽獎、滿100份送手工巧克力💦ヘ| ´ω｀ |ﾉ｜!加班 !發發 !幫算經驗 !幫算全滿 !coda,2022-08-20T10:04:38Z,https://www.twitch.tv/videos/1567306837,https://static-cdn.jtvnw.net/cf_vods/d3vd9lfkzbru3h/c0c5ff5aed5faff3c4da_lisheng_tw_39585288343_1660989868//thumb/thumb0-%{width}x%{height}.jpg
e113ace92bbe445385bcc4635a9ca570,4845,【Stray】回家路遙遙⚡旅途的終點,2022-08-13T20:05:35Z,https://www.youtube.com/watch?v=Oms3lc9A110,https://i.ytimg.com/vi/Oms3lc9A110/mqdefault.jpg
98e3a5838fec4a6caa936ae35485de23,4837,【新瑪奇】大貿易時代全新改版！讓露恰展示給所有人類看看新消息懶人包！商隊貿易、飛行帆船、貿易空戰來啦🍻【露恰露恰．Vtuber】,2022-08-14T09:00:09Z,https://www.youtube.com/watch?v=lW5ykYQMEPA,https://i.ytimg.com/vi/lW5ykYQMEPA/mqdefault.jpg
de0e98c9266449b7874a942cbbb63a0d,4837,【深夜禽話 Club A.】這個夜市遊戲好奇怪？睡不著來射射看！你射的到嗎？【阿爾姿/惡獸時代】,2022-08-27T18:55:13Z,https://www.youtube.com/watch?v=RC5nvS_Mlyc,https://i.ytimg.com/vi/RC5nvS_Mlyc/mqdefault.jpg
1254f176d93548aca5ac7f4b53313f71,4819,#melon #TikTok #shortvideo #shorts #shortsvtuber #TikTokhot #TikToksong #TikTokpopsong  #shortcool,2022-08-21T05:13:20Z,https://www.youtube.com/watch?v=J9mcz6aWhQg,https://i.ytimg.com/vi/J9mcz6aWhQg/mqdefault.jpg
95de1fe6727944e68404aec425d09170,4806,【飲酒雜談】小酌一杯，深夜的海唧只想和銀鈴還有憨唧們說秘密❤　ft.銀鈴【海唧/惡獸時代】,2022-08-04T16:43:45Z,https://www.youtube.com/watch?v=lSXrVOrCDVc,https://i.ytimg.com/vi/lSXrVOrCDVc/mqdefault.jpg
4d738ca0bdee40e3b620f06ccc2dc987,4805,last try || PBE上線跟我說一下 【天晴Haruru】,2022-08-23T13:25:22Z,https://www.twitch.tv/videos/1570245479,https://static-cdn.jtvnw.net/cf_vods/d3vd9lfkzbru3h/7efc10fa28cc08729da2_tcharuru_39594298647_1661261114//thumb/thumb0-%{width}x%{height}.jpg
fd6a0236861940389e15ef85b16c6069,4784,回來啦～月月報揍我肚子一頓 ♡｜二周年周邊開放預購中｜!周邊 !入羊教｜8/21,2022-08-21T09:31:05Z,https://www.twitch.tv/videos/1568272014,https://static-cdn.jtvnw.net/cf_vods/d3vd9lfkzbru3h/d2fe46a9105f8cab6596_hennie2001_39588224791_1661074258//thumb/thumb0-%{width}x%{height}.jpg
3809ec8a42634d11aa1b7b8f99755c6a,4779,【花花】 8/14 累累病 直接練不安安  發發活動  滿額送禮物!  活動辦法在DC公告欄 !活動 ✤ !YT ✤ !委託 ✤ !月榜 ✤ !VPN ✤ !隊友,2022-08-14T12:52:12Z,https://www.twitch.tv/videos/1561674635,https://static-cdn.jtvnw.net/cf_vods/d3vd9lfkzbru3h/08955e7ed8803c1ea259_mayberuu_39569055047_1660481525//thumb/thumb0-%{width}x%{height}.jpg
2ce2f9977d4a4dc0844e518369e11e6b,4777,【觀眾職業】觀眾裡到底有哪些職業？讓Rumii猜猜看！#職業鑑定Ru【HKVTuber/如月瑠美】,2022-08-05T16:23:12Z,https://www.youtube.com/watch?v=JDuNsW3b4tQ,https://i.ytimg.com/vi/JDuNsW3b4tQ/mqdefault.jpg
3809ec8a42634d11aa1b7b8f99755c6a,4776,【花花】8/7 晚安 (・∀・)つ 8/8 號活動辦法在DC公告欄 ✤ !YT ✤ !委託 ✤ !月榜 ✤ !VPN,2022-08-07T11:00:01Z,https://www.twitch.tv/videos/1554880225,https://static-cdn.jtvnw.net/cf_vods/d3vd9lfkzbru3h/7bc4b560f3a130eba982_mayberuu_39551962983_1659869993//thumb/thumb0-%{width}x%{height}.jpg
0bf0ec441dc6489583f7218e02ab6a89,4775,廖老大飲料店真正喝法,2022-08-16T09:00:10Z,https://www.youtube.com/watch?v=Q0yGBxLQgTU,https://i.ytimg.com/vi/Q0yGBxLQgTU/mqdefault.jpg
f18407d79b4b43ffa6adf629d1723a8f,4775,【不夜精華】不夜皇，穿胸罩，躺地上。【不夜皇FuyaSumeragi・VTuber】,2022-08-19T11:00:33Z,https://www.youtube.com/watch?v=fk8feGf1NfQ,https://i.ytimg.com/vi/fk8feGf1NfQ/mqdefault.jpg
9d9c6477329245cbb2557895f4f15686,4772,【自我介紹】Vtuber一問一答自己紹介【稻乙緹 IiTi | 台灣Vtuber】,2022-08-27T07:00:01Z,https://www.youtube.com/watch?v=6o6LoNPa54o,https://i.ytimg.com/vi/6o6LoNPa54o/mqdefault.jpg
f110fd69b66941bab04de9ada563c6ac,4770,【雜談】我們今天來露營烤肉！一邊享受夜晚的星空【AoiHinamori】,2022-08-16T16:27:02Z,https://www.youtube.com/watch?v=ypVs2LN9q4Q,https://i.ytimg.com/vi/ypVs2LN9q4Q/mqdefault.jpg
8a4988902b5640e6ae1829285307c636,4769,【雜談】歐嚕獨享日！好久不見了歐嚕，來玩遊戲聊天吧歐嚕！【歐貝爾．Vtuber】,2022-08-21T14:54:04Z,https://www.youtube.com/watch?v=3FBftE8gF2k,https://i.ytimg.com/vi/3FBftE8gF2k/mqdefault.jpg
bed13deb3871443980e131a466519b54,4761,【銀鈴雜談】幾歲？念幾年級？內褲穿什麼顏色？可不可以看一下？【2022/8/12】,2022-08-12T04:42:20Z,https://www.youtube.com/watch?v=gu5VZ5YY4tI,https://i.ytimg.com/vi/gu5VZ5YY4tI/mqdefault.jpg
6c88799c6f45407faf0f9ea007b0dcab,4747,【NS運動】以為是甜蜜雙排但被虐菜的我是否搞錯了什麼Ft. @Tabasuko Ch. 塔芭絲可   @烏庫魯尼魯 UkuruNiru Ch.  @不夜皇 Fuyasumeragi Ch. 《鷲峰良》,2022-08-23T13:23:54Z,https://www.youtube.com/watch?v=siDPgX0Cwi8,https://i.ytimg.com/vi/siDPgX0Cwi8/mqdefault.jpg
f18407d79b4b43ffa6adf629d1723a8f,4745,【APEX】新賽季浪漫三排 FEAT 小新 YOLIN【不夜皇FuyaSumeragi・VTuber】,2022-08-11T17:11:22Z,https://www.youtube.com/watch?v=oXnLe6tolio,https://i.ytimg.com/vi/oXnLe6tolio/mqdefault.jpg
626750f4e7a745619c171c44fb1efcc0,4740,八重無敵一起帶回家!帳號交換抽抽! 賽馬娘Pretty Derby @璐洛洛 Ruroro【人造人Vtuber】  #30【天使Vtuber小雪Yukichan】,2022-08-30T16:09:59Z,https://www.youtube.com/watch?v=KzIMO0hOAg8,https://i.ytimg.com/vi/KzIMO0hOAg8/mqdefault.jpg
a8ce4642418b4fe8ba1471a32097f4c4,4737,【現場互動】寧夏夜市通靈王大賽！大家一起雞同鴨講，看誰的巫力能夠成為通靈王！ft. 露恰 祈菈 阿爾姿【歐妲/惡獸時代】,2022-08-27T14:06:25Z,https://www.youtube.com/watch?v=7gaGDNiXqGw,https://i.ytimg.com/vi/7gaGDNiXqGw/mqdefault.jpg
e113ace92bbe445385bcc4635a9ca570,4732,【同步觀賞】世界上有形形色色的怪人⚡User也是其中一個！,2022-08-17T17:53:46Z,https://www.youtube.com/watch?v=8XTPstu2AuY,https://i.ytimg.com/vi/8XTPstu2AuY/mqdefault.jpg
d1dd83b6e8a24df4b61f766cff45113c,4731,【闇影詩章】極天龍鳴擴充∷百合和好聯手回歸，馬納歷亞終端到齊｜一億伊達政宗準備拯救龍族！#1〈shadowverse/シャドウバース〉,2022-08-16T13:47:27Z,https://www.youtube.com/watch?v=gQf80vJBr1U,https://i.ytimg.com/vi/gQf80vJBr1U/mqdefault.jpg
f6a4e7aa8d0c4e5cb39d199845ec4d02,4719,進擊咪嚕傳說,2022-08-31T13:08:22Z,https://www.twitch.tv/videos/1577835512,https://static-cdn.jtvnw.net/cf_vods/d3vd9lfkzbru3h/8170c382f237327be021_vtuber_amiru_39627430647_1661951292//thumb/thumb0-%{width}x%{height}.jpg
ba562aad440d483e988d3ce7e7217c94,4719,[貓宮香草] 8/25 貓貓橋  !DC,2022-08-25T09:27:52Z,https://www.twitch.tv/videos/1572011155,https://static-cdn.jtvnw.net/cf_vods/d3vd9lfkzbru3h/f332bfa7609ea5d00cee_vanilla_shironeko_39599732695_1661419667//thumb/thumb0-%{width}x%{height}.jpg
a51be890a1f443ea87bee45c9d8acf13,4715,【Na J】差點開不了台 |  發發集氣挑戰8/8出發^ↀᴥↀ^,2022-08-07T14:00:51Z,https://www.twitch.tv/videos/1554980747,https://static-cdn.jtvnw.net/cf_vods/d3vd9lfkzbru3h/da11e8cff9bfdad78642_kankona0616_39552604471_1659880846//thumb/thumb0-%{width}x%{height}.jpg
f110fd69b66941bab04de9ada563c6ac,4714,【AOI迷因鑑賞】讓我看看你們平常都在吸什麼！【AoiHinamori​​​​】,2022-08-27T14:54:10Z,https://www.youtube.com/watch?v=JAmtEbJu4BA,https://i.ytimg.com/vi/JAmtEbJu4BA/mqdefault.jpg
8a4988902b5640e6ae1829285307c636,4705,【雜談】好A開台囉，絕對不會說剛剛差點睡過去，裡面可能會有些許毛絲鼠【歐貝爾．Vtuber】,2022-08-30T15:28:43Z,https://www.youtube.com/watch?v=-_c16nUVloE,https://i.ytimg.com/vi/-_c16nUVloE/mqdefault.jpg
1cfadb0d2e154a258c3177ff8264336f,4685,三線港V於動漫節賺了4億！開台數錢炫耀，十分囂張💸！+ 順便表揚下現場毒撚&後感,2022-08-03T06:32:18Z,https://www.youtube.com/watch?v=xUuyICD_gd4,https://i.ytimg.com/vi/xUuyICD_gd4/mqdefault.jpg
b126053a1356460ebf85a874a6a55aca,4682,綠要侯簽做好做滿，林佳龍敢簽落選不入閣？｜蔡令全黨挺18歲公民權，卻對柬埔寨閉而不談 🍓20220817　#高雄林小姐 #Vtuber​​​​ #台灣Vtuber​​​ #台V​​,2022-08-17T13:06:44Z,https://www.youtube.com/watch?v=V-wokoScJUs,https://i.ytimg.com/vi/V-wokoScJUs/mqdefault.jpg
664e1b310cf343b78623f99b31e40fae,4679,【ASMR】情境劇 / 生日派對後天使姊姊的懲罰遊戲(試聽版)【迪鹿DeluCat】,2022-08-27T10:37:45Z,https://www.youtube.com/watch?v=wPstxdtrvlw,https://i.ytimg.com/vi/wPstxdtrvlw/mqdefault.jpg
9d9c6477329245cbb2557895f4f15686,4677,謝謝你乙緹，又可以換耳膜了！,2022-08-14T18:09:12Z,https://www.youtube.com/watch?v=c2C6cQYY5JM,https://i.ytimg.com/vi/c2C6cQYY5JM/mqdefault.jpg
a3ce195c0069494c99849d0b1a10a7fd,4664,【#白粉幫我挑】猶豫病發作！白粉幫我選顏色！我要自己買白粉幫我挑的手把！｜ #悠白 #Ubye #XBOX #選色白癡,2022-08-21T15:02:14Z,https://www.youtube.com/watch?v=VwFDwCOmuJE,https://i.ytimg.com/vi/VwFDwCOmuJE/mqdefault.jpg
265a18972d244affae35711cfd1f9931,4654,🐙4萬訂慶祝 心跳文學社🐙那個阿 就是 這不是戀愛遊戲嗎【MiroLive/塔芭絲可】,2022-08-28T13:34:40Z,https://www.youtube.com/watch?v=pmUStEEEEic,https://i.ytimg.com/vi/pmUStEEEEic/mqdefault.jpg
9d9c6477329245cbb2557895f4f15686,4650,9/2 初見麥塊！準備前進皮埔寨做,2022-09-01T16:52:04Z,https://www.twitch.tv/videos/1578890658,https://static-cdn.jtvnw.net/cf_vods/d3vd9lfkzbru3h/0dbfa7a0c372845623bd_iitifox_39631645943_1662051117//thumb/thumb0-%{width}x%{height}.jpg
1a95bb88e451498ca3491b69af964588,4610,8/22 早 不安 | !徵片師 !陪玩 !剪輯 |,2022-08-21T23:34:29Z,https://www.twitch.tv/videos/1568895065,https://static-cdn.jtvnw.net/cf_vods/d3vd9lfkzbru3h/1e1d1039d0b9916a8165_hsuanhsuandesu_39589901127_1661124862//thumb/thumb0-%{width}x%{height}.jpg
658e63bebdca421ca934b0bf6aa2bcd8,4602,【邪教集會 / 情境棉花糖】如果忠誠的加入我們 就能夠實現你的願望【灰妲】#台灣Vtuber​​​ #ReliveProject,2022-08-28T16:11:48Z,https://www.youtube.com/watch?v=lNimNnas4l0,https://i.ytimg.com/vi/lNimNnas4l0/mqdefault.jpg
f18407d79b4b43ffa6adf629d1723a8f,4597,【ARK】終於要挑戰世界王了 !　在奶哥的伺服器！【不夜皇FuyaSumeragi・VTuber】,2022-08-13T21:37:05Z,https://www.youtube.com/watch?v=iC4yvTsvX1E,https://i.ytimg.com/vi/iC4yvTsvX1E/mqdefault.jpg
e113ace92bbe445385bcc4635a9ca570,4575,【SC感謝聊聊天】七夕說什麼情話⚡平平子要說謝謝！,2022-08-04T18:05:06Z,https://www.youtube.com/watch?v=fcMw3nUaMck,https://i.ytimg.com/vi/fcMw3nUaMck/mqdefault.jpg
b126053a1356460ebf85a874a6a55aca,4555,親綠民調林智堅抄襲案，桃園6成2認為應退選｜基進黨教授沒看新聞要怎麼護智堅？ 🍓20220811　#高雄林小姐 #Vtuber​​​​ #台灣Vtuber​​​ #台V​​,2022-08-11T13:06:07Z,https://www.youtube.com/watch?v=lxhOHFr0wQA,https://i.ytimg.com/vi/lxhOHFr0wQA/mqdefault.jpg
a3ce195c0069494c99849d0b1a10a7fd,4552,某圖文作家說：可口可樂並不是可樂。#shorts #悠白 #加零,2022-08-25T11:55:59Z,https://www.youtube.com/watch?v=cFT4et6otBc,https://i.ytimg.com/vi/cFT4et6otBc/mqdefault.jpg
98e3a5838fec4a6caa936ae35485de23,4540,【DEVOUR】天氣這麼黑、風這麼大，就一起去郊遊吧🍻ft. 海唧、祈菈‧貝希毛絲、兔姬【露恰露恰．Vtuber】,2022-08-13T18:18:12Z,https://www.youtube.com/watch?v=KuKgVDfDW8U,https://i.ytimg.com/vi/KuKgVDfDW8U/mqdefault.jpg
98e3a5838fec4a6caa936ae35485de23,4535,【深夜談】忙碌的一週開始之時，先好好聊聊天吧🍻【露恰露恰．Vtuber】,2022-08-29T17:29:33Z,https://www.youtube.com/watch?v=RZFApeZ6fig,https://i.ytimg.com/vi/RZFApeZ6fig/mqdefault.jpg
95de1fe6727944e68404aec425d09170,4529,【Minecraft】我想吃魷魚所以來蓋蓋魷魚攤吧！！！【海唧/惡獸時代】,2022-08-27T09:53:22Z,https://www.youtube.com/watch?v=DQoqau6UpYQ,https://i.ytimg.com/vi/DQoqau6UpYQ/mqdefault.jpg
8a4988902b5640e6ae1829285307c636,4528,【特別企劃】中元節說中元話，敬鬼神要學點鬼話【歐貝爾．Vtuber】Part.2,2022-08-12T15:51:18Z,https://www.youtube.com/watch?v=DbkVxJ3_oSU,https://i.ytimg.com/vi/DbkVxJ3_oSU/mqdefault.jpg
590a2bca0051444fb98915e5d761d47c,4528,【AirLife】唱歌聊天到兩點！｜#紫勾申請中 !精華 ｜ #Vtype #小森未央,2022-08-28T04:05:30Z,https://www.twitch.tv/videos/1574788123,https://static-cdn.jtvnw.net/cf_vods/d3vd9lfkzbru3h/aa3e18f30aa01a15fe98_komorimio_39612235815_1661659523//thumb/thumb0-%{width}x%{height}.jpg
d797701ab1564b62906f91a341134a9e,4522,假如惡魔女僕變成了騎士腰帶...❓ 假面騎士Quiz⌚假面騎士Zi-O #shorts #ユメビエム #yumebiemu,2022-08-31T02:00:11Z,https://www.youtube.com/watch?v=V53wGEhEmSo,https://i.ytimg.com/vi/V53wGEhEmSo/mqdefault.jpg
3c16d0b797bf49c3a4a6c043802ee2ec,4522,【重大告知】,2022-08-22T13:06:44Z,https://www.youtube.com/watch?v=fgdrcUnbq1k,https://i.ytimg.com/vi/fgdrcUnbq1k/mqdefault.jpg
423dd7da92be47f4af7273c5f74efb27,4513,Fei. 比賽前的練習 D4 ·͜·♡ !活動 | !比賽 !YT !VPN | 8/5,2022-08-05T05:17:41Z,https://www.twitch.tv/videos/1552810071,https://static-cdn.jtvnw.net/cf_vods/d3vd9lfkzbru3h/aaaeda87a62126d10f0c_fei_z_39545305079_1659676654//thumb/thumb0-%{width}x%{height}.jpg
e150e350532b4327b26989dd43cd3bad,4501,【練習哄睡台】初次的輕聲細語哄睡，可以成功讓大家睡著嗎 ?丨艾比 . Post Rabi,2022-08-13T17:28:23Z,https://www.youtube.com/watch?v=H1ipJ05CGHs,https://i.ytimg.com/vi/H1ipJ05CGHs/mqdefault.jpg
265a18972d244affae35711cfd1f9931,4486,🐙知育菓子手作🐙讓馬迷Tako來 做神奇的點心各位當晚餐吧!!【MiroLive/塔芭絲可 】,2022-08-17T13:19:38Z,https://www.youtube.com/watch?v=KqS2knk5_6w,https://i.ytimg.com/vi/KqS2knk5_6w/mqdefault.jpg
3809ec8a42634d11aa1b7b8f99755c6a,4483,【花花】 8/26 快可以拿新貼圖了-179幫幫偶>< 工作環節 27-28抽獎 記得來  ✤ !YT ✤ !委託 ✤ !月榜 ✤ !VPN ✤ !隊友,2022-08-26T12:16:54Z,https://www.twitch.tv/videos/1573029493,https://static-cdn.jtvnw.net/cf_vods/d3vd9lfkzbru3h/c26ac9099f4ee9e67f63_mayberuu_39604834615_1661516208//thumb/thumb0-%{width}x%{height}.jpg
7c06b9e316ce4ac18ce836cd72442bbe,4470,1.5倍速極限之踊！【12萬訂閱轉盤歌回精華】#shorts #踊,2022-08-15T11:00:24Z,https://www.youtube.com/watch?v=ovEquJVV5MA,https://i.ytimg.com/vi/ovEquJVV5MA/mqdefault.jpg
2741a90689f342548daad7f760b0a8f7,4458,【手術模擬器】現任醫師監工我開刀！！究竟是中風還是當場錄取？【希翁／Chion】,2022-08-11T10:30:26Z,https://www.youtube.com/watch?v=B-qnjy6WGXk,https://i.ytimg.com/vi/B-qnjy6WGXk/mqdefault.jpg
d6c4708f6eb94ac6ad7668363b132248,4456,【暴力ASMR!!!】音量注意⚠️適合抖M的人收聽💕Comfortable ear massage💕【人偶薩賓娜🧸】,2022-08-16T04:03:45Z,https://www.youtube.com/watch?v=XxOBpQ_o_Cw,https://i.ytimg.com/vi/XxOBpQ_o_Cw/mqdefault.jpg
3be86a2a9cb447f393d235132e157789,4454,【Vtuber】敢不敢跟我尬一場！團康舞蹈時間！【觀眾場 | 四天三夜夏令營 | 勁舞團】#ACGlive #蕾兒,2022-08-17T00:02:01Z,https://www.youtube.com/watch?v=3KgYBvEBHHY,https://i.ytimg.com/vi/3KgYBvEBHHY/mqdefault.jpg
658e63bebdca421ca934b0bf6aa2bcd8,4453,【初學日文中  / #duolingo】這要怎麼唸? A ?【灰妲】#台灣Vtuber​​​ #ReliveProject,2022-08-25T17:30:38Z,https://www.youtube.com/watch?v=GRqYV8m0tdE,https://i.ytimg.com/vi/GRqYV8m0tdE/mqdefault.jpg
9d9c6477329245cbb2557895f4f15686,4453,08/31 持有凶器的狐妖 繼續寫感謝卡,2022-09-01T07:32:02Z,https://www.twitch.tv/videos/1578611179,https://static-cdn.jtvnw.net/cf_vods/d3vd9lfkzbru3h/7c0ef390b8fce06d66ae_iitifox_39629933383_1662017516//thumb/thumb0-%{width}x%{height}.jpg
05e831b267914fc5b4d9b28de1f648dc,4450,【 壶男 】📺︎ 壶男卫视 熱情邀約 sᴀᴢᴋɪ 盛情難卻 🔥【sazki | vtuber】,2022-08-24T15:50:16Z,https://www.youtube.com/watch?v=dVxCeUiBWB4,https://i.ytimg.com/vi/dVxCeUiBWB4/mqdefault.jpg
265a18972d244affae35711cfd1f9931,4446,【ASMR情境劇】親愛的 可以陪我看一次夏天的煙火嗎💓 浴衣、祭典、與黏膩的距離 【MiroLive/塔芭絲可】,2022-08-30T14:30:21Z,https://www.youtube.com/watch?v=Ya-u31FzdDg,https://i.ytimg.com/vi/Ya-u31FzdDg/mqdefault.jpg
a3ce195c0069494c99849d0b1a10a7fd,4438,【水氣人說還沒做封面】8月SC朗讀雜談｜悠白Ubye,2022-08-31T16:45:35Z,https://www.youtube.com/watch?v=LazkP_ftkwo,https://i.ytimg.com/vi/LazkP_ftkwo/mqdefault.jpg
d1dd83b6e8a24df4b61f766cff45113c,4411,【闇影詩章】牌組分享➤最強訓練員哥布林，躺著都可以養成S級超強賽馬！！➧指定T1 RoG〈shadowverse/シャドウバース〉【台V/台灣Vtuber】,2022-08-10T13:00:02Z,https://www.youtube.com/watch?v=ar5FNaIIIQ4,https://i.ytimg.com/vi/ar5FNaIIIQ4/mqdefault.jpg
22ca620b93c94e5cb48175bbecf8d3af,4408,如果好人沒好報，那道德有何用？ 儒墨之爭 《權力遊戲 Game of Thrones》：哲學說故事,2022-08-23T12:00:08Z,https://www.youtube.com/watch?v=F0WdE6qwTPs,https://i.ytimg.com/vi/F0WdE6qwTPs/mqdefault.jpg
de0e98c9266449b7874a942cbbb63a0d,4399,【雜談】國際貓貓日！究竟可不可以喵一個小時呢？喵來了【阿爾姿/惡獸時代】,2022-08-08T12:16:23Z,https://www.youtube.com/watch?v=68fM2UaB2SQ,https://i.ytimg.com/vi/68fM2UaB2SQ/mqdefault.jpg
ea4c1a67c2e445ad8028768616ceb659,4397,【卡比的美食節】初見觀眾參加場！圓滾滾的卡比超可愛！想跟大家一起玩！【洛可洛斯特 / VTUBER】,2022-08-17T15:02:32Z,https://www.youtube.com/watch?v=qR7wLB4tjCo,https://i.ytimg.com/vi/qR7wLB4tjCo/mqdefault.jpg
2e266a71aa3d4a67bb8d9a2a0b573319,4396,０８２８ (日) 開心度過每一天  | !YT !加班 !中秋活動 !八月活動 !魚幣比值  !Line,2022-08-28T02:47:59Z,https://www.twitch.tv/videos/1574731178,https://static-cdn.jtvnw.net/cf_vods/d3vd9lfkzbru3h/c09c4bf5c1abaabf9f75_ziifish_39612033287_1661654869//thumb/thumb0-%{width}x%{height}.jpg
658e63bebdca421ca934b0bf6aa2bcd8,4394,【IB 重製版 / 恐遊 】夢回經典RPG ! 美術館的追趕跑【灰妲】#台灣Vtuber​​​ #ReliveProject,2022-08-09T20:56:09Z,https://www.youtube.com/watch?v=gefaguV-I08,https://i.ytimg.com/vi/gefaguV-I08/mqdefault.jpg
e93bd1102e214cbaa71cc5b2e4a53595,4388,【#新人vtuber 】初配信前再小唱🌟孤獨的總和  【厄倫蒂兒．Vtuber】,2022-08-28T11:41:09Z,https://www.youtube.com/watch?v=yMg5Mn5supQ,https://i.ytimg.com/vi/yMg5Mn5supQ/mqdefault.jpg
ee0763f3339d45b493bf45488a8e7701,4386,【梓芊🐰】| 8/18 最後ㄉ10小時!ฅ●ω●ฅ   | !梓芊 3千訂閱目標達成 | !發發 快來看看超多好康,2022-08-18T00:29:28Z,https://www.twitch.tv/videos/1565061303,https://static-cdn.jtvnw.net/cf_vods/d3vd9lfkzbru3h/e9778141edeedc0accd0_pandora0407_39578383559_1660782561//thumb/thumb0-%{width}x%{height}.jpg
be6c475c291d45a0a7349abdb70be20d,4385,【Yu精華】唱給你聽！夏季更新沒新產業！GTA5,2022-08-09T14:37:17Z,https://www.youtube.com/watch?v=b-JywRgZvCo,https://i.ytimg.com/vi/b-JywRgZvCo/mqdefault.jpg
265a18972d244affae35711cfd1f9931,4380,🐙8月SC詠唱🐙我要唸多久...生日 斂財 加班台 救命噢......【MiroLive/塔芭絲可】,2022-08-31T13:39:09Z,https://www.youtube.com/watch?v=vx1Qag9ABoM,https://i.ytimg.com/vi/vx1Qag9ABoM/mqdefault.jpg
5ba11a0bf35147d499259ad5608a7de1,4377,【三周年直播】新型態公開🦐大成長的蝦蝦參見！【蝦拉拉】,2022-08-07T15:28:03Z,https://www.youtube.com/watch?v=VjqZtNYF5E4,https://i.ytimg.com/vi/VjqZtNYF5E4/mqdefault.jpg
3809ec8a42634d11aa1b7b8f99755c6a,4361,【花花】 8/10 勤奮練習 發發活動  滿額送禮物!  活動辦法在DC公告欄 !活動 ✤ !YT ✤ !委託 ✤ !月榜 ✤ !VPN,2022-08-10T08:15:05Z,https://www.twitch.tv/videos/1557684489,https://static-cdn.jtvnw.net/cf_vods/d3vd9lfkzbru3h/04c7a5837f3980510020_mayberuu_39559687191_1660119298//thumb/thumb0-%{width}x%{height}.jpg
f18407d79b4b43ffa6adf629d1723a8f,4354,【sc感謝】sc感謝~~再接著10點是ark的世界王攻略!【不夜皇FuyaSumeragi・VTuber】,2022-08-13T15:12:43Z,https://www.youtube.com/watch?v=p0JBZXdPJMw,https://i.ytimg.com/vi/p0JBZXdPJMw/mqdefault.jpg
3809ec8a42634d11aa1b7b8f99755c6a,4343,【花花】8/4 聽說七夕 可以吃嗎(・∀・)つ ✤ !YT ✤ !委託 ✤ !月榜 ✤ !VPN,2022-08-04T12:40:06Z,https://www.twitch.tv/videos/1552018740,https://static-cdn.jtvnw.net/cf_vods/d3vd9lfkzbru3h/0ce7d33f6c69bb482262_mayberuu_39543655335_1659616800//thumb/thumb0-%{width}x%{height}.jpg
42c4b7c9bf6340029530d3c8f47753ea,4337,【Minecraft】準備驚喜！速度要快！「伊甸飲酒」【 飛鳥唯世 】,2022-08-10T00:26:53Z,https://www.youtube.com/watch?v=rwrfDK2x81c,https://i.ytimg.com/vi/rwrfDK2x81c/mqdefault.jpg
70a7428607b845fc959fb7d4859d018b,4331,8/19 ◆  如果lv10 就健身環到年底 | !發發活動 !經驗計算 !抽獎 !YT !加班  qoq9TRASH,2022-08-18T22:23:58Z,https://www.twitch.tv/videos/1565889457,https://static-cdn.jtvnw.net/cf_vods/d3vd9lfkzbru3h/82fcbcdf5ae81171eeef_zona181227_39581049079_1660861431//thumb/thumb0-%{width}x%{height}.jpg
54b0131ceb734643b23b1eefee31cca0,4330,【雜談+歌】肥來了！ただいま！【雨恩-あめ-💧】,2022-08-17T14:57:15Z,https://www.youtube.com/watch?v=--0bzOC0sbo,https://i.ytimg.com/vi/--0bzOC0sbo/mqdefault.jpg
ea4c1a67c2e445ad8028768616ceb659,4326,【鋼鍊泳裝抽卡！】早安！今天的我要抽到霍克愛跟溫莉的泳裝！拜託了！【洛可洛斯特 / VTUBER】,2022-08-27T04:51:07Z,https://www.youtube.com/watch?v=jAwZLNrcwLY,https://i.ytimg.com/vi/jAwZLNrcwLY/mqdefault.jpg
e113ace92bbe445385bcc4635a9ca570,4315,【Stray】揭開城市的秘密⚡貓貓子想回外界了QQ,2022-08-06T17:59:23Z,https://www.youtube.com/watch?v=BvkHMTE8bsI,https://i.ytimg.com/vi/BvkHMTE8bsI/mqdefault.jpg
1a95bb88e451498ca3491b69af964588,4303,8/23 睡不著 起來吃早餐 | !徵片師 !陪玩 !剪輯 |,2022-08-23T00:31:40Z,https://www.twitch.tv/videos/1569842014,https://static-cdn.jtvnw.net/cf_vods/d3vd9lfkzbru3h/4c231c10c5e04eba0dba_hsuanhsuandesu_39592606583_1661214695//thumb/thumb0-%{width}x%{height}.jpg
265a18972d244affae35711cfd1f9931,4300,🐙運動加班台(連續15天)🐙只好使用金錢的力量 逼迫自己多運動  DAY3【MiroLive/塔芭絲可】,2022-08-19T16:36:04Z,https://www.youtube.com/watch?v=L3a0C0BZHuo,https://i.ytimg.com/vi/L3a0C0BZHuo/mqdefault.jpg
61e81c6f534247b486b8125bd34fa960,4294,【BLUE】下午好團練環節<3  發發活動需要你們<3 !隊友,2022-08-16T07:46:19Z,https://www.twitch.tv/videos/1563416309,https://static-cdn.jtvnw.net/cf_vods/d3vd9lfkzbru3h/59c2d97d5375089d9ae8_blue_kao_39573622935_1660635972//thumb/thumb0-%{width}x%{height}.jpg
a3ce195c0069494c99849d0b1a10a7fd,4293,【#畫桌布給白粉 EP夏】炎炎夏日畫夏天ㄉ桌布給白粉應景！☁ ｜ #悠白 #Ubye #白粉,2022-08-17T15:33:48Z,https://www.youtube.com/watch?v=Syz9FOvrnkA,https://i.ytimg.com/vi/Syz9FOvrnkA/mqdefault.jpg
95de1fe6727944e68404aec425d09170,4291,【迷因台詞回】歸剛欸！兄弟不要再摸了喔！摸到我的下面的頭都斷了～！【海唧/惡獸時代】,2022-08-14T15:34:16Z,https://www.youtube.com/watch?v=FB2vD_m9Eg0,https://i.ytimg.com/vi/FB2vD_m9Eg0/mqdefault.jpg
9d9c6477329245cbb2557895f4f15686,4271,08/11 等一天還不能玩！周邊開賣♡♡♡ !週年慶,2022-08-11T14:49:48Z,https://www.twitch.tv/videos/1558852746,https://static-cdn.jtvnw.net/cf_vods/d3vd9lfkzbru3h/25cefb449bbd2b4faa28_iitifox_39563809207_1660229381//thumb/thumb0-%{width}x%{height}.jpg
4fc5a770272a43f1bb0a1d12aa3a9b46,4259,Ado - Tot Musica from ONE PIECE FILM RED (short cover),2022-08-19T14:42:23Z,https://www.youtube.com/watch?v=b-sZxo8uAOs,https://i.ytimg.com/vi/b-sZxo8uAOs/mqdefault.jpg
5c4241def363418d9b7167d8369d0350,4258,【#3DLIVE】 貝塔虎妮第3次零歲歲生誕祭  【Dream Code：β】,2022-08-18T13:32:17Z,https://www.youtube.com/watch?v=UCXiE8m1vZ4,https://i.ytimg.com/vi/UCXiE8m1vZ4/mqdefault.jpg
95de1fe6727944e68404aec425d09170,4252,【開箱雜談】❤今天晚上一起過甜甜的酒味七夕情人節❤【海唧/惡獸時代】,2022-08-04T14:04:45Z,https://www.youtube.com/watch?v=y-__fd71gxo,https://i.ytimg.com/vi/y-__fd71gxo/mqdefault.jpg
a8ce4642418b4fe8ba1471a32097f4c4,4243,【全肯定雜談】今天一整天還是很努力生活的哥哥姐姐，讓妹妹來抱抱你吧！【歐妲/惡獸時代】,2022-08-09T16:02:44Z,https://www.youtube.com/watch?v=J57EVzGFrJI,https://i.ytimg.com/vi/J57EVzGFrJI/mqdefault.jpg
3be86a2a9cb447f393d235132e157789,4231,【Vtuber】早起的鳥兒有蟲吃，而我是隻蟲【早安雜談 | 四天三夜夏令營】#ACGlive #蕾兒,2022-08-15T06:44:21Z,https://www.youtube.com/watch?v=JuexkhpNGQM,https://i.ytimg.com/vi/JuexkhpNGQM/mqdefault.jpg
658e63bebdca421ca934b0bf6aa2bcd8,4227,【BABY IN YELLOW / 恐怖遊戲】恐怖保母模擬器  ? 他會飛欸 !【灰妲】#台灣Vtuber​​​ #ReliveProject,2022-08-26T17:51:00Z,https://www.youtube.com/watch?v=AXZOm7H84g8,https://i.ytimg.com/vi/AXZOm7H84g8/mqdefault.jpg
3809ec8a42634d11aa1b7b8f99755c6a,4221,【花花】8/6 午安 (・∀・)つ 8/8 號活動辦法在DC公告欄 ✤ !YT ✤ !委託 ✤ !月榜 ✤ !VPN,2022-08-06T07:55:11Z,https://www.twitch.tv/videos/1553848551,https://static-cdn.jtvnw.net/cf_vods/d3vd9lfkzbru3h/2cebb3d1c4f7f434a6a7_mayberuu_39548592871_1659772504//thumb/thumb0-%{width}x%{height}.jpg
9d9c6477329245cbb2557895f4f15686,4218,8/5 晚上八點工商 !乙T,2022-08-05T07:44:22Z,https://www.twitch.tv/videos/1552867054,https://static-cdn.jtvnw.net/cf_vods/d3vd9lfkzbru3h/3fc610277da951ec8621_iitifox_39545597831_1659685455//thumb/thumb0-%{width}x%{height}.jpg
ba562aad440d483e988d3ce7e7217c94,4211,[貓宮香草] 8/23 遊戲荒   !DC,2022-08-23T07:26:49Z,https://www.twitch.tv/videos/1570093581,https://static-cdn.jtvnw.net/cf_vods/d3vd9lfkzbru3h/cd6aca32acfc6d066f6f_vanilla_shironeko_39593246295_1661239601//thumb/thumb0-%{width}x%{height}.jpg
e113ace92bbe445385bcc4635a9ca570,4210,【同步觀賞】暑假快結束了⚡假面騎士W還有好多集,2022-08-22T18:32:03Z,https://www.youtube.com/watch?v=CLcD6pKVLnc,https://i.ytimg.com/vi/CLcD6pKVLnc/mqdefault.jpg
3809ec8a42634d11aa1b7b8f99755c6a,4205,【花花】 8/11  午安晚安 發發活動  滿額送禮物!  活動辦法在DC公告欄 !活動 ✤ !YT ✤ !委託 ✤ !月榜 ✤ !VPN,2022-08-11T09:13:48Z,https://www.twitch.tv/videos/1558683349,https://static-cdn.jtvnw.net/cf_vods/d3vd9lfkzbru3h/a260672409f217a66c9c_mayberuu_39562725511_1660209220//thumb/thumb0-%{width}x%{height}.jpg
01f26342ae4e419280bcfd6ec6e86db1,4200,【遊戲實況】夜市攤位布置 ft. @Amrzs ch. 阿爾姿 （Minecraft）【十五號．Vtuber】,2022-08-29T14:53:50Z,https://www.youtube.com/watch?v=B6BTTA8-zoo,https://i.ytimg.com/vi/B6BTTA8-zoo/mqdefault.jpg
8a4988902b5640e6ae1829285307c636,4195,【雜談】今天是國際懶懶日你們知道嗎？我們一邊懶懶的聊天一邊悠閒度過星期三晚上吧？【歐貝爾．Vtuber】​,2022-08-10T15:13:28Z,https://www.youtube.com/watch?v=lCYefmvO0fo,https://i.ytimg.com/vi/lCYefmvO0fo/mqdefault.jpg
de0e98c9266449b7874a942cbbb63a0d,4195,【APEX】新手打槍體驗！就讓車速快的學姊們帶我飛 ft. 15號、平平子【阿爾姿/惡獸時代】,2022-08-19T19:44:34Z,https://www.youtube.com/watch?v=pGOuWBjnJck,https://i.ytimg.com/vi/pGOuWBjnJck/mqdefault.jpg
ba59bb31bbcd4cf3a481c4cf72918fb0,4188,【精華】不忍了💢 直接跟聊天室觀眾吵架（小學雞等級）【米亞】,2022-08-03T11:16:54Z,https://www.youtube.com/watch?v=hh0GjogrKwY,https://i.ytimg.com/vi/hh0GjogrKwY/mqdefault.jpg
8a4988902b5640e6ae1829285307c636,4186,【餐桌物語】七夕沒飯局嗎？不知如何服侍桌邊人？2022唯一攻略，教你如何使用紳士技巧征服桌邊人！【歐貝爾．Vtuber】Table Manners,2022-08-04T11:16:17Z,https://www.youtube.com/watch?v=pe47P_YeGww,https://i.ytimg.com/vi/pe47P_YeGww/mqdefault.jpg
6c88799c6f45407faf0f9ea007b0dcab,4178,【酒雜】朋友一生一起酒，誰先喝ㄎㄧㄤ誰是...今天應該不會失言吧，大概吧?? Ft. @KITSUNEKON @原瀬空 Parase Sora 《鷲峰良》,2022-08-11T13:59:51Z,https://www.youtube.com/watch?v=MC1dXrww0sI,https://i.ytimg.com/vi/MC1dXrww0sI/mqdefault.jpg
9e64bba43928414884503de36f805c48,4178,8/31 早安 晚上玩女鬼橋 !下班 !YT !TK盃,2022-08-31T11:58:17Z,https://www.twitch.tv/videos/1577794381,https://static-cdn.jtvnw.net/cf_vods/d3vd9lfkzbru3h/cc9a02479c56842cf737_wen620_39627025767_1661947092//thumb/thumb0-%{width}x%{height}.jpg
3809ec8a42634d11aa1b7b8f99755c6a,4169,【花花】 8/16 練!!!!!!發發活動  滿額送禮物!  活動辦法在DC公告欄 !活動 ✤ !YT ✤ !委託 ✤ !月榜 ✤ !VPN ✤ !隊友,2022-08-16T11:58:08Z,https://www.twitch.tv/videos/1563512743,https://static-cdn.jtvnw.net/cf_vods/d3vd9lfkzbru3h/42b835eae1b35a74a941_mayberuu_39574261639_1660651081//thumb/thumb0-%{width}x%{height}.jpg
494d2c5daf9f4a8a8e4538687e6be14c,4135,【舒服😌】之前到底過著甚麼樣的日子？ 大賣場椅子臭了嗎？【兔姬UsagiHime | 惡兔重工】,2022-08-09T17:40:53Z,https://www.youtube.com/watch?v=dfamYbFdgvc,https://i.ytimg.com/vi/dfamYbFdgvc/mqdefault.jpg
e113ace92bbe445385bcc4635a9ca570,4129,【同步觀賞】睡前數什麼羊⚡來細數我們的罪過吧！,2022-08-09T18:59:53Z,https://www.youtube.com/watch?v=vQuDnm0qzBQ,https://i.ytimg.com/vi/vQuDnm0qzBQ/mqdefault.jpg
ba562aad440d483e988d3ce7e7217c94,4123,[貓宮香草] 8/13 貓貓邪教   !DC,2022-08-13T07:57:17Z,https://www.twitch.tv/videos/1560597853,https://static-cdn.jtvnw.net/cf_vods/d2nvs31859zcd8/95162613ac2ec6594573_vanilla_shironeko_41113356411_1660377432//thumb/thumb0-%{width}x%{height}.jpg
95de1fe6727944e68404aec425d09170,4110,【粉絲提供精華】玩到主播爆言！妮姬勝利女神又大又晃的ㄋㄋ跟美尻就在這裡啦💋！！【海唧/惡獸時代】,2022-08-30T09:00:14Z,https://www.youtube.com/watch?v=r6uNzxC_qIo,https://i.ytimg.com/vi/r6uNzxC_qIo/mqdefault.jpg
ea4c1a67c2e445ad8028768616ceb659,4107,【下午的健身環！🥞】欸我相信你們跟我一樣也是雜魚般的體力對吧！運動阿雜魚們！【洛可洛斯特 / VTUBER】,2022-08-23T09:47:16Z,https://www.youtube.com/watch?v=KT09cEDe1iQ,https://i.ytimg.com/vi/KT09cEDe1iQ/mqdefault.jpg
de0e98c9266449b7874a942cbbb63a0d,4106,【焦阿巴火烤大會】讓女王來roast你們的作業跟報告吧！完了！芭比Q了【阿爾姿/惡獸時代】,2022-08-09T13:07:56Z,https://www.youtube.com/watch?v=JaBUd6kVN9s,https://i.ytimg.com/vi/JaBUd6kVN9s/mqdefault.jpg
de0e98c9266449b7874a942cbbb63a0d,4105,【雜談】爆料妹妹！當姊姊的辛酸史【阿爾姿/惡獸時代】,2022-08-03T12:29:09Z,https://www.youtube.com/watch?v=T73ckqAL6k0,https://i.ytimg.com/vi/T73ckqAL6k0/mqdefault.jpg
70a7428607b845fc959fb7d4859d018b,4102,8/8  ◆  發發活動開始啦  | !發發活動 經驗計算  !YT !加班,2022-08-08T01:36:18Z,https://www.twitch.tv/videos/1555551200,https://static-cdn.jtvnw.net/cf_vods/d3vd9lfkzbru3h/c142e7d22f8afe781578_zona181227_39553521559_1659922571//thumb/thumb0-%{width}x%{height}.jpg
265a18972d244affae35711cfd1f9931,4095,🐙知育菓子手作🐙讓女僕Tako來 做神奇的便當給各位當晚餐吧!!【MiroLive/塔芭絲可 】,2022-08-03T11:39:35Z,https://www.youtube.com/watch?v=uq1EpWuAE7Q,https://i.ytimg.com/vi/uq1EpWuAE7Q/mqdefault.jpg
22fd5004e4a34134b6855525e01cda73,4090,【國王遊戲？線下連動】帕爾托斯之王👑決定戰⚔️【克蕾／Cray】,2022-08-21T16:55:47Z,https://www.youtube.com/watch?v=hVo04MQRAHI,https://i.ytimg.com/vi/hVo04MQRAHI/mqdefault.jpg
e7fd5d01e57c42658be2bf1e3ad5d696,4085,【#我們不是CP 默契大挑戰】光逸幸公審會場！我們到底了解互相多少？【繆・索緹絲、光逸幸 (NKshoujo)】,2022-08-13T15:31:12Z,https://www.youtube.com/watch?v=Lpj2FiW5uCM,https://i.ytimg.com/vi/Lpj2FiW5uCM/mqdefault.jpg
95de1fe6727944e68404aec425d09170,4075,【Monster Hunter Rise】獻出你的尾巴吧！魔物獵人打打裝備素材的時間～出發了獵人們！！ 【海唧/惡獸時代】,2022-08-06T08:24:26Z,https://www.youtube.com/watch?v=SF8sbObgg5M,https://i.ytimg.com/vi/SF8sbObgg5M/mqdefault.jpg
1254f176d93548aca5ac7f4b53313f71,4072,#youtube #接力功能 #死亡 的第35天 #直播接力,2022-08-14T15:33:54Z,https://www.youtube.com/watch?v=_cpY7THBxnA,https://i.ytimg.com/vi/_cpY7THBxnA/mqdefault.jpg
ba562aad440d483e988d3ce7e7217c94,4068,[貓宮香草] 8/16 持續信教!   !DC,2022-08-16T05:15:31Z,https://www.twitch.tv/videos/1563361869,https://static-cdn.jtvnw.net/cf_vods/d3vd9lfkzbru3h/da955e5e178a7e07a6a1_vanilla_shironeko_39573318551_1660626925//thumb/thumb0-%{width}x%{height}.jpg
a3ce195c0069494c99849d0b1a10a7fd,4051,【#罵罵體驗 營示範影片０１】悠白從０教你罵！－工作效率篇｜悠白Ubye,2022-08-30T14:21:53Z,https://www.youtube.com/watch?v=sDQXypJtTHw,https://i.ytimg.com/vi/sDQXypJtTHw/mqdefault.jpg
ea4c1a67c2e445ad8028768616ceb659,4042,【雜談🥞】8月到了，當你不知道人生是甚麼的時候你還是要吃飯跟上廁所，除非你是DIO【洛可洛斯特 / VTUBER】,2022-08-06T16:42:59Z,https://www.youtube.com/watch?v=CjSwJ0R9074,https://i.ytimg.com/vi/CjSwJ0R9074/mqdefault.jpg
3809ec8a42634d11aa1b7b8f99755c6a,4041,【花花】 8/20 94今天 晚上7點比賽 活動剩一天... 滿額送禮物!  活動辦法在DC公告欄 !活動 ✤ !YT ✤ !委託 ✤ !月榜 ✤ !VPN ✤ !隊友,2022-08-20T15:44:12Z,https://www.twitch.tv/videos/1567505048,https://static-cdn.jtvnw.net/cf_vods/d3vd9lfkzbru3h/0d15cd2e8721607fa31b_mayberuu_39586456343_1661010244//thumb/thumb0-%{width}x%{height}.jpg
7c06b9e316ce4ac18ce836cd72442bbe,4029,君の声がないと不安なんで...【水際エンドロール / 律可】#shorts,2022-08-20T08:00:05Z,https://www.youtube.com/watch?v=eEO_IpC5MYY,https://i.ytimg.com/vi/eEO_IpC5MYY/mqdefault.jpg
8a4988902b5640e6ae1829285307c636,4020,【ARK】終於要打世界王了！跟一大群人一起去打世界王【歐貝爾．Vtuber】feat.很多很多人,2022-08-13T19:25:51Z,https://www.youtube.com/watch?v=cgTmXzQWg7E,https://i.ytimg.com/vi/cgTmXzQWg7E/mqdefault.jpg
f18407d79b4b43ffa6adf629d1723a8f,4019,【APEX】教練我想上大師...然後LIN睡著了不知道啥時起床【不夜皇FuyaSumeragi・VTuber】,2022-08-20T14:51:12Z,https://www.youtube.com/watch?v=6dOIZebdSNE,https://i.ytimg.com/vi/6dOIZebdSNE/mqdefault.jpg
6c88799c6f45407faf0f9ea007b0dcab,4018,【Ark】閒聊一下!!等等和朋友一起快樂A出航～攻略世界王！前線戶外教學團出發！Ft.好多好多人/Ark : Survival Evolved《鷲峰良》,2022-08-14T00:30:49Z,https://www.youtube.com/watch?v=KVB1kIyATvo,https://i.ytimg.com/vi/KVB1kIyATvo/mqdefault.jpg
658e63bebdca421ca934b0bf6aa2bcd8,4017,【黑暗詭計#3 /恐遊】超暈嘉年華 !? 它們到處都是 ! 【灰妲】#台灣Vtuber​​​ #ReliveProject,2022-08-14T17:10:25Z,https://www.youtube.com/watch?v=nOkW-4tqx68,https://i.ytimg.com/vi/nOkW-4tqx68/mqdefault.jpg
3be86a2a9cb447f393d235132e157789,4016,【Vtuber】早安！今天是特別版的早安茶館【日式小套餐 | 四天三夜夏令營】#ACGlive #蕾兒,2022-08-16T07:46:14Z,https://www.youtube.com/watch?v=H2muMpGLbOI,https://i.ytimg.com/vi/H2muMpGLbOI/mqdefault.jpg
4b6655120fbd4431a8f7894cac4a4d49,4014,ASMR雜談｜睡不著嗎？陪陪你 ❤️【Healing希靈/VTuber】,2022-08-25T19:30:16Z,https://www.youtube.com/watch?v=a4SVP09bDXU,https://i.ytimg.com/vi/a4SVP09bDXU/mqdefault.jpg
e7fd5d01e57c42658be2bf1e3ad5d696,4006,【夏季歌回】歡迎收聽：家裡蹲想像中的虛擬夏天【繆・索緹絲 / Myo Sotis (NKshoujo)】,2022-08-23T14:47:45Z,https://www.youtube.com/watch?v=gKC53S6Pitk,https://i.ytimg.com/vi/gKC53S6Pitk/mqdefault.jpg
265a18972d244affae35711cfd1f9931,4004,🐙運動加班台(連續15天)🐙最後一天!!!!!!哇!!!!!!!好欸 但之後還會補2天 中間休息了兩天  DAY15【MiroLive/塔芭絲可】,2022-09-01T14:13:45Z,https://www.youtube.com/watch?v=AkYbryBuMQw,https://i.ytimg.com/vi/AkYbryBuMQw/mqdefault.jpg
98e3a5838fec4a6caa936ae35485de23,4001,【深夜談】今天不抄經，下次再靜心🍻【露恰露恰．Vtuber】,2022-08-09T17:16:38Z,https://www.youtube.com/watch?v=hQiEaSEcBiI,https://i.ytimg.com/vi/hQiEaSEcBiI/mqdefault.jpg
ea4c1a67c2e445ad8028768616ceb659,3993,【15分鐘做封面！？🥞】 封面製作挑戰中！15分鐘到底能做個洨辣！？【洛可洛斯特 / VTUBER】,2022-08-07T15:29:46Z,https://www.youtube.com/watch?v=nzaScbvkkpc,https://i.ytimg.com/vi/nzaScbvkkpc/mqdefault.jpg
e7fd5d01e57c42658be2bf1e3ad5d696,3992,【出道滿月紀念歌回】今天的歌單　史上最強【繆・索緹絲 / Myo Sotis (NKshoujo)】,2022-08-05T14:13:51Z,https://www.youtube.com/watch?v=xbWBJd6h4cc,https://i.ytimg.com/vi/xbWBJd6h4cc/mqdefault.jpg
a51be890a1f443ea87bee45c9d8acf13,3977,【Na J】聊聊天，有空就唱一下｜發發集氣抽獎、新貼圖  ^ↀᴥↀ^,2022-08-26T13:32:42Z,https://www.twitch.tv/videos/1573074764,https://static-cdn.jtvnw.net/cf_vods/d3vd9lfkzbru3h/d7e15c1c52ce69a988b3_kankona0616_39605254551_1661520755//thumb/thumb0-%{width}x%{height}.jpg
9e64bba43928414884503de36f805c48,3974,8/31 早安 團練 !下班 !YT !TK盃,2022-08-31T02:19:20Z,https://www.twitch.tv/videos/1577536816,https://static-cdn.jtvnw.net/cf_vods/d3vd9lfkzbru3h/18584530dbe793156f68_wen620_39625216215_1661912355//thumb/thumb0-%{width}x%{height}.jpg
98e3a5838fec4a6caa936ae35485de23,3973,【Minecraft】今天的進度是...雜談！🍻【露恰露恰．Vtuber】,2022-08-25T18:03:38Z,https://www.youtube.com/watch?v=pPezFQKf5-4,https://i.ytimg.com/vi/pPezFQKf5-4/mqdefault.jpg
c41044006a014ed28107f33221a7de98,3970,【PAINTING】企劃復活中！把立繪完成！！【AsaIfrit】 #asalive,2022-08-11T15:57:29Z,https://www.youtube.com/watch?v=AXs9cliDMcQ,https://i.ytimg.com/vi/AXs9cliDMcQ/mqdefault.jpg
265a18972d244affae35711cfd1f9931,3956,🐙運動加班台(連續15天)🐙只好使用金錢的力量 逼迫自己多運動 DAY1【MiroLive/塔芭絲可】,2022-08-17T10:30:45Z,https://www.youtube.com/watch?v=qaYcgn4JHIo,https://i.ytimg.com/vi/qaYcgn4JHIo/mqdefault.jpg
48fd85a178c24579ac7d8f43f1e5bc39,3952,【COVER】I beg you - Aimer by 原瀬空 Parase Sora,2022-08-12T11:00:12Z,https://www.youtube.com/watch?v=QLl6VfteU4A,https://i.ytimg.com/vi/QLl6VfteU4A/mqdefault.jpg
dee8efe8990e458c915e4f6a6a16b49f,3947,【夜晚ㄉ情侶遊戲大轉盤!!】兔子在我家，但拜託明年我不會想過父親節 謝謝,2022-08-08T15:47:11Z,https://www.youtube.com/watch?v=uchdIVwThXw,https://i.ytimg.com/vi/uchdIVwThXw/mqdefault.jpg
e350c8b7e41045419ee1ac73bc78921b,3943,【Apex耐久台】為了2000錘的耐久配信Part1，我可能達不到但我要試試看！看到我眼裡的錘子了嗎？【夏伊拉Shyla】#apex #apexlegends #耐久,2022-08-17T17:55:52Z,https://www.youtube.com/watch?v=A85KYESUmrY,https://i.ytimg.com/vi/A85KYESUmrY/mqdefault.jpg
c65e7caaf81a43249d5132b9fe312b24,3942,Do it for her (she's sick),2022-08-29T00:49:15Z,https://www.youtube.com/watch?v=XcuLjV2W_O8,https://i.ytimg.com/vi/XcuLjV2W_O8/mqdefault.jpg
3be86a2a9cb447f393d235132e157789,3938,【Vtuber】最後一天的夏令營早晨【早安雜談 | 四天三夜夏令營】#ACGlive #蕾兒,2022-08-17T06:53:12Z,https://www.youtube.com/watch?v=9tkX4wFhNgI,https://i.ytimg.com/vi/9tkX4wFhNgI/mqdefault.jpg
ec1dec0e956c41ea97dfcebe96bc41b4,3938,🔵【天天】魔物廢人! PC  ▏晚上10點 女鬼橋！ ▏吧噗.毛毛 ▏ !廠商!買抱枕,2022-08-25T02:31:40Z,https://www.twitch.tv/videos/1571820600,https://static-cdn.jtvnw.net/cf_vods/d3vd9lfkzbru3h/d81c140baa7963caf531_tian_0301_39598593863_1661394693//thumb/thumb0-%{width}x%{height}.jpg
be6c475c291d45a0a7349abdb70be20d,3936,【GTA5實況】免費就要來給它都拿一拿！,2022-08-31T16:02:48Z,https://www.youtube.com/watch?v=np949gnY4io,https://i.ytimg.com/vi/np949gnY4io/mqdefault.jpg
7c06b9e316ce4ac18ce836cd72442bbe,3935,Tell Your World【飲酒清唱歌枠精華】#shorts #kz #livetune,2022-08-24T10:00:15Z,https://www.youtube.com/watch?v=O8kypTLUuis,https://i.ytimg.com/vi/O8kypTLUuis/mqdefault.jpg
494d2c5daf9f4a8a8e4538687e6be14c,3933,【雜談】和姬友大聊特聊 | 格鬥遊戲 | 花式吃糰子 | 兔姬到底都在看什麼影片?【兔姬UsagiHime | 惡兔重工】,2022-08-10T18:48:22Z,https://www.youtube.com/watch?v=6Rwn9z7KLF8,https://i.ytimg.com/vi/6Rwn9z7KLF8/mqdefault.jpg
494d2c5daf9f4a8a8e4538687e6be14c,3926,【兔姬精華】救兔姬還是救媽媽? 愛的大哉問 | 科技眼罩還沒舒服居然是先觀落陰? 【兔姬UsagiHime | 惡兔重工】,2022-08-11T04:00:15Z,https://www.youtube.com/watch?v=tnLC32BJchY,https://i.ytimg.com/vi/tnLC32BJchY/mqdefault.jpg
3410ce8f1b78487f8025485a6c09b1b8,3925,【銀河希歐塔 Theotha Milkyway】Vtuber一問一答自我介紹&初配信通知！★2022年8月27日週六晚間9點★與你相遇喔～,2022-08-21T06:57:37Z,https://www.youtube.com/watch?v=Ecan6pop_vY,https://i.ytimg.com/vi/Ecan6pop_vY/mqdefault.jpg
6efa004da8424662bae62d420d82d722,3920,歡迎訂閱追蹤👆 😑 👇 #shorts,2022-08-15T08:49:11Z,https://www.youtube.com/watch?v=c7LpmJXdlxU,https://i.ytimg.com/vi/c7LpmJXdlxU/mqdefault.jpg
ba562aad440d483e988d3ce7e7217c94,3911,[貓宮香草] 8/24 魂系貓貓  !DC,2022-08-24T06:32:15Z,https://www.twitch.tv/videos/1571039753,https://static-cdn.jtvnw.net/cf_vods/d3vd9lfkzbru3h/fed57efa26d0fe7b27e8_vanilla_shironeko_39595981239_1661322728//thumb/thumb0-%{width}x%{height}.jpg
590a2bca0051444fb98915e5d761d47c,3904,【AirLife】一時單排一時爽 一直單排變白金(X6)｜#紫勾申請中 !精華 ｜ #Vtype #小森未央,2022-08-30T17:41:26Z,https://www.twitch.tv/videos/1577079155,https://static-cdn.jtvnw.net/cf_vods/d3vd9lfkzbru3h/46b8a770b9ecf3be472d_komorimio_39624171047_1661881279//thumb/thumb0-%{width}x%{height}.jpg
ba59bb31bbcd4cf3a481c4cf72918fb0,3903,【復刻企劃】再開！女僕咖啡廳☕各位主人，這次想吃甚麼🖤？【米亞／HKVtuber】,2022-08-07T15:08:43Z,https://www.youtube.com/watch?v=HcF2rzvShCw,https://i.ytimg.com/vi/HcF2rzvShCw/mqdefault.jpg
de0e98c9266449b7874a942cbbb63a0d,3900,【女王的音謀論】下午的社禽電台歌回！下班了嗎？【阿爾姿/惡獸時代】,2022-08-30T12:20:48Z,https://www.youtube.com/watch?v=_R3b03tTsx8,https://i.ytimg.com/vi/_R3b03tTsx8/mqdefault.jpg
494d2c5daf9f4a8a8e4538687e6be14c,3894,【September 1999】Steam上讓人毛骨悚然的5分鍾免費遊戲【兔姬UsagiHime | 惡兔重工】,2022-08-27T18:43:30Z,https://www.youtube.com/watch?v=pSDIM53NluI,https://i.ytimg.com/vi/pSDIM53NluI/mqdefault.jpg
f110fd69b66941bab04de9ada563c6ac,3894,【早安雜談】超突發！患者說要開我們就開！(☝︎ ՞ਊ ՞)☝︎【AoiHinamori】,2022-08-21T04:17:39Z,https://www.youtube.com/watch?v=zCFM4y6Dp2s,https://i.ytimg.com/vi/zCFM4y6Dp2s/mqdefault.jpg
9e64bba43928414884503de36f805c48,3887,8/28 女鬼橋有啥好可怕的 !下班 !YT !TK盃,2022-08-30T02:11:45Z,https://www.twitch.tv/videos/1576587562,https://static-cdn.jtvnw.net/cf_vods/d3vd9lfkzbru3h/8188a141f0a4bdd584c4_wen620_39620792039_1661825498//thumb/thumb0-%{width}x%{height}.jpg
1b63d89e0b1a4b579de6d99e25eaff8f,3883,【貓祭】好久不見的3D模型！設備小更新 #vtuber #貓祭,2022-08-26T17:47:28Z,https://www.youtube.com/watch?v=rVisrkRb8ik,https://i.ytimg.com/vi/rVisrkRb8ik/mqdefault.jpg
f110fd69b66941bab04de9ada563c6ac,3879,【Kalimba患者睡睡#28】今日曲目：Mulan Reflection｜舒眠卡林巴琴｜讓我用音樂來治癒你【AoiHinamori​​​​】,2022-08-25T15:56:31Z,https://www.youtube.com/watch?v=tkDqkdOfB7E,https://i.ytimg.com/vi/tkDqkdOfB7E/mqdefault.jpg
494d2c5daf9f4a8a8e4538687e6be14c,3863,兔子不是只有白色齁 | #shorts 【兔姬UsagiHime | 惡兔重工】,2022-08-22T04:00:18Z,https://www.youtube.com/watch?v=sS37NPEyqQU,https://i.ytimg.com/vi/sS37NPEyqQU/mqdefault.jpg
7c00b7dc73a240dc84d68be389732a0c,3860,【蘿露學論語】孔子以理服人，理是物理的理。原來這就是論語! 蘿露懂了! 蘿露長大要像孔子一樣厲害!  ｜櫻野露｜,2022-08-18T14:57:01Z,https://www.youtube.com/watch?v=qwRFplhPm7I,https://i.ytimg.com/vi/qwRFplhPm7I/mqdefault.jpg
a8ce4642418b4fe8ba1471a32097f4c4,3857,【皇家音樂盒】Piano Practicing ! 新世代 ! 航海王劇場版：紅髮歌姬 ONE PIECE 【歐妲/惡獸時代】,2022-08-23T07:53:34Z,https://www.youtube.com/watch?v=KM2Tdh3WIQQ,https://i.ytimg.com/vi/KM2Tdh3WIQQ/mqdefault.jpg
22c8ee785f7446e5978bab336fda92cb,3854,【女鬼橋開魂路】學姊，阿妳這邊跳河有先跟學校申請嗎？沒申請的話我們要先將妳撈起來喔【迷子羽根】,2022-08-26T20:30:43Z,https://www.youtube.com/watch?v=fjY_BUGk_gY,https://i.ytimg.com/vi/fjY_BUGk_gY/mqdefault.jpg
6fb8c6dea7404638a9d78d4b0d84f64c,3847,【雜談】那幾天沒開的直播～到底都做了些什麼～【祈菈．貝希毛絲】,2022-09-01T17:16:07Z,https://www.youtube.com/watch?v=ONqhnk1YT3o,https://i.ytimg.com/vi/ONqhnk1YT3o/mqdefault.jpg
1254f176d93548aca5ac7f4b53313f71,3845,"Fake Backgrounds for YouTube Videos - Shorts, Vtuber, and #shorts Short Films",2022-08-24T09:17:15Z,https://www.youtube.com/watch?v=yN89XT3QvgQ,https://i.ytimg.com/vi/yN89XT3QvgQ/mqdefault.jpg
f5ff982730f54cd4826ff0530a4288c2,3845,🍜 幫不了忙的打嗝合輯【白湯】,2022-08-10T11:34:31Z,https://www.youtube.com/watch?v=qGNrVnV40Qw,https://i.ytimg.com/vi/qGNrVnV40Qw/mqdefault.jpg
a8ce4642418b4fe8ba1471a32097f4c4,3845,【Just Dance 2021】要來跳跳跳了 ! 吃完午餐就是要跳跳舞減減肥~【歐妲/惡獸時代】,2022-08-03T06:50:17Z,https://www.youtube.com/watch?v=1Jglgwsc-wE,https://i.ytimg.com/vi/1Jglgwsc-wE/mqdefault.jpg
3809ec8a42634d11aa1b7b8f99755c6a,3844,【花花】 8/31 月底都  新貼圖-36幫幫偶><    ✤ !YT ✤ !委託 ✤ !月榜 ✤ !VPN ✤ !隊友,2022-08-31T13:05:05Z,https://www.twitch.tv/videos/1577833441,https://static-cdn.jtvnw.net/cf_vods/d3vd9lfkzbru3h/1668632703a5776eb137_mayberuu_39627410455_1661951098//thumb/thumb0-%{width}x%{height}.jpg
658e63bebdca421ca934b0bf6aa2bcd8,3829,【#2 IB 重製版 / 恐遊 】二周目開始 ! 目標三人結局 ?【灰妲】#台灣Vtuber​​​ #ReliveProject,2022-08-16T19:11:57Z,https://www.youtube.com/watch?v=GB80qp2R3Uo,https://i.ytimg.com/vi/GB80qp2R3Uo/mqdefault.jpg
656455380d524045b9f75d6082563f94,3827,【朵璃安】 紅馬【台灣Vtuber Cover】我在江南 撒把歡 多無邪,2022-08-17T04:15:13Z,https://www.youtube.com/watch?v=CGcMmH7TOjM,https://i.ytimg.com/vi/CGcMmH7TOjM/mqdefault.jpg
5c7beefaa54444e3b0443d7abd93c1f7,3810,【三毛生日企劃】「ねえねえねえ。」Cover / feat.毛音未來．靜音熊,2022-08-07T10:30:13Z,https://www.youtube.com/watch?v=_Lc2fugj7H0,https://i.ytimg.com/vi/_Lc2fugj7H0/mqdefault.jpg
a17fcdf32a124beba3fba16299aed2b3,3807,8/13 加班台x發發集氣｜恐怖遊戲連播｜!委託 !YT !歌單 !加班,2022-08-12T17:24:25Z,https://www.twitch.tv/videos/1559926966,https://static-cdn.jtvnw.net/cf_vods/d3vd9lfkzbru3h/aef6d33b5f5de2978aa2_chikayan_39566991527_1660325058//thumb/thumb0-%{width}x%{height}.jpg
2741a90689f342548daad7f760b0a8f7,3806,【人中之龍0】仁義！神室町飛鏢王姍姍來遲【希翁／Chion】,2022-08-23T22:21:51Z,https://www.youtube.com/watch?v=SIC5yFwf_vA,https://i.ytimg.com/vi/SIC5yFwf_vA/mqdefault.jpg
7081557634db487fa467b0bd2f939f66,3800,【REVIEW】Dragged By the Don to a Love Motel【🥃Collin Palladio/柯林•派🦌】#75 feat @Annin Miru Channel,2022-08-10T17:01:28Z,https://www.youtube.com/watch?v=9H1C7ZtxsnM,https://i.ytimg.com/vi/9H1C7ZtxsnM/mqdefault.jpg
d1dd83b6e8a24df4b61f766cff45113c,3776,【闇影詩章】懷舊娛樂賽➤全都是一費居然還可以打到抽死神？｜神扯峰頂教超神進牌，褻瀆化身關鍵一拉！➧RoG〈shadowverse/シャドウバース〉【台V/台灣Vtuber】,2022-08-08T13:28:29Z,https://www.youtube.com/watch?v=fawziKTft9Y,https://i.ytimg.com/vi/fawziKTft9Y/mqdefault.jpg
95de1fe6727944e68404aec425d09170,3775,【DEVOUR​​​​​​】月黑風高找鬼夜，今晚誰會被帶走呢？ft. 露恰、祈菈‧貝希毛絲、兔姬【海唧/惡獸時代】,2022-08-13T17:23:45Z,https://www.youtube.com/watch?v=lMY6FJD1xsQ,https://i.ytimg.com/vi/lMY6FJD1xsQ/mqdefault.jpg
1edf4940878546569e52dd06c95b8581,3759,"【MHRise:sunbreak】小心""肝"" - 雪莉·啵啵 ft. @莎皮塞維爾 @冬瓜 @黑羽 魔物獵人崛起：破曉",2022-08-13T18:10:02Z,https://www.youtube.com/watch?v=xdlA8XGZ2D0,https://i.ytimg.com/vi/xdlA8XGZ2D0/mqdefault.jpg
e150e350532b4327b26989dd43cd3bad,3759,【童年卡通分享會】那些曾陪伴我們的童年時光是甚麼 ?丨艾比 . Post Rabi,2022-08-16T16:39:26Z,https://www.youtube.com/watch?v=4XJvQEXk63Y,https://i.ytimg.com/vi/4XJvQEXk63Y/mqdefault.jpg
d1dd83b6e8a24df4b61f766cff45113c,3759,【闇影詩章】牌組分享➤純正的護符教玩法終於回來了，不只瞬間超大場面還可以直接直傷招呼！➧指定T3 RoG〈shadowverse/シャドウバース〉【台V/台灣Vtuber】,2022-08-23T13:02:03Z,https://www.youtube.com/watch?v=qMLAD5jeDd8,https://i.ytimg.com/vi/qMLAD5jeDd8/mqdefault.jpg
e150e350532b4327b26989dd43cd3bad,3757,【 來自天界女友的視訊 】對你的愛 ? 吃不下去的話，就想像成是我的愛吧~w丨艾比 . Post Rabi,2022-08-06T11:03:37Z,https://www.youtube.com/watch?v=gLFV7opU8Yo,https://i.ytimg.com/vi/gLFV7opU8Yo/mqdefault.jpg
bed13deb3871443980e131a466519b54,3755,【銀鈴雜談】現在雞排一片100，比雞排便當還貴。【2022/8/11】,2022-08-11T05:12:14Z,https://www.youtube.com/watch?v=94Mim9aa2LM,https://i.ytimg.com/vi/94Mim9aa2LM/mqdefault.jpg
d1dd83b6e8a24df4b61f766cff45113c,3754,【闇影詩章】replay回顧➤你有看過吟雪三倍爆能強化的能力嗎？｜班比五費居然能打出十七點超絕傷害！➧RoG〈shadowverse/シャドウバース〉【台V/台灣Vtuber】,2022-08-12T13:26:20Z,https://www.youtube.com/watch?v=TaqS0MNTmFs,https://i.ytimg.com/vi/TaqS0MNTmFs/mqdefault.jpg
3daee44c0bab401386813cff327a10a2,3749,【賽馬娘】ハルウララ 春烏菈菈  有馬紀念第一！爆音注意,2022-08-17T11:00:26Z,https://www.youtube.com/watch?v=SwFINerNx1E,https://i.ytimg.com/vi/SwFINerNx1E/mqdefault.jpg
dee8efe8990e458c915e4f6a6a16b49f,3748,【冠宇之聲 #2】 冠宇來訴說你對於這首歌的故事吧 !,2022-08-13T17:47:43Z,https://www.youtube.com/watch?v=38mNlQhxj0s,https://i.ytimg.com/vi/38mNlQhxj0s/mqdefault.jpg
5b62816b7dee4c13856f3c21629be3c4,3746,【2022/8/20】二周年快樂!!  !棉花糖 !加班 !蝦皮 !衣服,2022-08-20T03:01:54Z,https://www.twitch.tv/videos/1567093481,https://static-cdn.jtvnw.net/cf_vods/d3vd9lfkzbru3h/70b2505762ca7a6e8b8e_mica1130_39584286279_1660964507//thumb/thumb0-%{width}x%{height}.jpg
f110fd69b66941bab04de9ada563c6ac,3745,【８月份SC感謝簽名】休息前的最後一次直播！今天金籤好色喔～【AoiHinamori】,2022-08-31T17:52:41Z,https://www.youtube.com/watch?v=klImeoB7pgc,https://i.ytimg.com/vi/klImeoB7pgc/mqdefault.jpg
22ca620b93c94e5cb48175bbecf8d3af,3745,突然又嚟個台灣危機，到底中國夠唔夠膽越界？/見到匯豐小股東示威，不如又講下資本主義：今晚直播夜唔夜Ep3.26 2022-8-5,2022-08-05T17:31:50Z,https://www.youtube.com/watch?v=Nk9l7N6RbX8,https://i.ytimg.com/vi/Nk9l7N6RbX8/mqdefault.jpg
3197e5649c65405cbbe6e5f1a44cf8e1,3745,【歌回】雨天歌回🤍最近好像很常下雨呢...【白月心宿】,2022-08-27T17:09:26Z,https://www.youtube.com/watch?v=5XrnHk3InpM,https://i.ytimg.com/vi/5XrnHk3InpM/mqdefault.jpg
9d9c6477329245cbb2557895f4f15686,3744,8/6 麻雀一番街！ !乙T,2022-08-06T14:07:29Z,https://www.twitch.tv/videos/1554023323,https://static-cdn.jtvnw.net/cf_vods/d3vd9lfkzbru3h/97164f9474f157127d3b_iitifox_39549735255_1659794844//thumb/thumb0-%{width}x%{height}.jpg
95de1fe6727944e68404aec425d09170,3740,【雀魂】限量款又超色雀魂新角色更新搶先看，聽說今天應該是練習觀眾場對吧？【海唧/惡獸時代】,2022-08-10T13:59:23Z,https://www.youtube.com/watch?v=ZSWolzkVSts,https://i.ytimg.com/vi/ZSWolzkVSts/mqdefault.jpg
626750f4e7a745619c171c44fb1efcc0,3738,【日服】飛鷹新衣裝開抽!新劇本開玩!  賽馬娘Pretty Derby  #28【天使Vtuber小雪Yukichan】,2022-08-24T08:37:27Z,https://www.youtube.com/watch?v=BF5sgAf0ZXk,https://i.ytimg.com/vi/BF5sgAf0ZXk/mqdefault.jpg
ba562aad440d483e988d3ce7e7217c94,3728,[貓宮香草] 8/15 跟貓貓信教! 小開 一周目  !DC,2022-08-15T07:55:47Z,https://www.twitch.tv/videos/1562471025,https://static-cdn.jtvnw.net/cf_vods/d3vd9lfkzbru3h/2637652044105b9e68b3_vanilla_shironeko_39570958759_1660550140//thumb/thumb0-%{width}x%{height}.jpg
9d9c6477329245cbb2557895f4f15686,3727,08/27 今晚10點 不刪檔喝酒歌回... !週年慶,2022-08-26T16:34:56Z,https://www.twitch.tv/videos/1573201247,https://static-cdn.jtvnw.net/cf_vods/d3vd9lfkzbru3h/c28daf0410169c6f7b97_iitifox_39606123143_1661531689//thumb/thumb0-%{width}x%{height}.jpg
265a18972d244affae35711cfd1f9931,3714,🐙運動加班台(連續15天)🐙只好使用金錢的力量 逼迫自己多運動  DAY4【MiroLive/塔芭絲可】,2022-08-20T12:53:44Z,https://www.youtube.com/watch?v=MytmCia3dZU,https://i.ytimg.com/vi/MytmCia3dZU/mqdefault.jpg
f110fd69b66941bab04de9ada563c6ac,3706,【你說我畫】來啦！看我秀一波｜開到最後已經不知道在做什麼了XD【AoiHinamori】,2022-08-10T16:37:13Z,https://www.youtube.com/watch?v=QhDDzG18pRc,https://i.ytimg.com/vi/QhDDzG18pRc/mqdefault.jpg
265a18972d244affae35711cfd1f9931,3702,🐙3.9萬訂慶祝 斂財台詞回🐙你想要 聽怎樣的TAKO說怎樣的話呢 (規則在資訊區)【MiroLive/塔芭絲可】,2022-08-19T15:04:29Z,https://www.youtube.com/watch?v=-4KwkqUtnhU,https://i.ytimg.com/vi/-4KwkqUtnhU/mqdefault.jpg
de0e98c9266449b7874a942cbbb63a0d,3700,【深夜禽話 Club A.】下週要幹嘛呢？先來聊聊這週做了什麼吧【阿爾姿/惡獸時代】,2022-08-06T21:30:12Z,https://www.youtube.com/watch?v=ZQjpbt4359s,https://i.ytimg.com/vi/ZQjpbt4359s/mqdefault.jpg
d1dd83b6e8a24df4b61f766cff45113c,3682,『闇影詩章』極天龍鳴全職業牌組分享➤為了指定的大賽一定要來看！這版的T1-T3的強度差距真的很近！➧ RoG〈shadowverse/シャドウバース〉【台V/台灣Vtuber】,2022-08-06T16:01:11Z,https://www.youtube.com/watch?v=geZtpFxtKVQ,https://i.ytimg.com/vi/geZtpFxtKVQ/mqdefault.jpg
9e64bba43928414884503de36f805c48,3681,8/28 女鬼橋有啥好可怕的 !下班 !YT !TK盃,2022-08-28T06:24:50Z,https://www.twitch.tv/videos/1574862803,https://static-cdn.jtvnw.net/cf_vods/d3vd9lfkzbru3h/d4fe65f009c62fc1c7b6_wen620_39612672279_1661667884//thumb/thumb0-%{width}x%{height}.jpg
e7fd5d01e57c42658be2bf1e3ad5d696,3680,【#我們不是CP 虛擬露營】烤肉看星星訪談彼此，#我們不會取標題【繆・索緹絲、光逸幸 (NKshoujo)】,2022-08-20T14:45:21Z,https://www.youtube.com/watch?v=6m_143iowbo,https://i.ytimg.com/vi/6m_143iowbo/mqdefault.jpg
a3ce195c0069494c99849d0b1a10a7fd,3676,【BOOK☆WALKER】書店六週年慶！悠白推薦書單79折優惠來囉！｜悠白Ubye,2022-08-10T15:13:39Z,https://www.youtube.com/watch?v=He15ozmFtMY,https://i.ytimg.com/vi/He15ozmFtMY/mqdefault.jpg
ba59bb31bbcd4cf3a481c4cf72918fb0,3676,【自彈自唱】🎐夏天特輯👙 唱歌囉～【米亞／HKVtuber】,2022-08-04T16:09:46Z,https://www.youtube.com/watch?v=y5wL7NyPTJY,https://i.ytimg.com/vi/y5wL7NyPTJY/mqdefault.jpg
0bf0ec441dc6489583f7218e02ab6a89,3672,中羌了,2022-08-23T09:00:09Z,https://www.youtube.com/watch?v=JasaEGtqXDk,https://i.ytimg.com/vi/JasaEGtqXDk/mqdefault.jpg
1b63d89e0b1a4b579de6d99e25eaff8f,3672,【貓祭】七夕台詞回 | 棉花糖機率念 | 羞恥心大爆炸？盡量不當棒讀機器貓 #vtuber #貓祭,2022-08-03T17:54:55Z,https://www.youtube.com/watch?v=yyBgtKuxx8c,https://i.ytimg.com/vi/yyBgtKuxx8c/mqdefault.jpg
f110fd69b66941bab04de9ada563c6ac,3671,【明星大亂鬥】觀眾參加型！！來打架！！｜聽說患者輸了要Cover (੭ ᐕ))？【AoiHinamori】,2022-08-20T15:37:04Z,https://www.youtube.com/watch?v=FY1KDxl8tYI,https://i.ytimg.com/vi/FY1KDxl8tYI/mqdefault.jpg
a02bb0332f5942ec892c932d6a089014,3657,不搞耍了！我要開啟認真模式！【貝莉莓】,2022-09-02T10:00:25Z,https://www.youtube.com/watch?v=KzN3KkQXWGg,https://i.ytimg.com/vi/KzN3KkQXWGg/mqdefault.jpg
a51be890a1f443ea87bee45c9d8acf13,3656,【Na J】先吃早餐再來吃掉各位的棉花糖 |  ^ↀᴥↀ^,2022-08-24T03:09:22Z,https://www.twitch.tv/videos/1570934005,https://static-cdn.jtvnw.net/cf_vods/d3vd9lfkzbru3h/8711d744ded786ae5c77_kankona0616_39595566455_1661310555//thumb/thumb0-%{width}x%{height}.jpg
f5ff982730f54cd4826ff0530a4288c2,3651,🍜擦玻璃笑聲的黃色小丑【白湯】,2022-08-05T10:11:39Z,https://www.youtube.com/watch?v=kA0r_A3RigU,https://i.ytimg.com/vi/kA0r_A3RigU/mqdefault.jpg
95de1fe6727944e68404aec425d09170,3644,【Minecraft】今天要來蓋送給兩位學姐的小驚喜！就是一種甜點跟一隻可愛的北極狐的禮物！！【海唧/惡獸時代】,2022-08-31T15:02:42Z,https://www.youtube.com/watch?v=i4ytgbHu96M,https://i.ytimg.com/vi/i4ytgbHu96M/mqdefault.jpg
95de1fe6727944e68404aec425d09170,3644,【Minecraft】為海底世界王宮做準備，整地挖礦挖起來順便收集素材！！【海唧/惡獸時代】,2022-08-20T10:17:38Z,https://www.youtube.com/watch?v=T98BlEWMHP8,https://i.ytimg.com/vi/T98BlEWMHP8/mqdefault.jpg
f6a4e7aa8d0c4e5cb39d199845ec4d02,3643,#特に面識ありま船 のすけ、えんちょう、天王メイジ、ぱちしゅう、比良坂芽衣、まおと、れれい,2022-08-23T12:00:38Z,https://www.twitch.tv/videos/1570196650,https://static-cdn.jtvnw.net/cf_vods/d3vd9lfkzbru3h/e5f7c3dfdd476817206a_vtuber_amiru_39593957751_1661256033//thumb/thumb0-%{width}x%{height}.jpg
3809ec8a42634d11aa1b7b8f99755c6a,3637,【花花】 8/19 R8R8  滿額送禮物!  活動辦法在DC公告欄 !活動 ✤ !YT ✤ !委託 ✤ !月榜 ✤ !VPN ✤ !隊友,2022-08-19T12:28:22Z,https://www.twitch.tv/videos/1566382360,https://static-cdn.jtvnw.net/cf_vods/d3vd9lfkzbru3h/54b8c8f2eb5e8b640393_mayberuu_39582668439_1660912095//thumb/thumb0-%{width}x%{height}.jpg
6fb8c6dea7404638a9d78d4b0d84f64c,3636,【雜談】人生太難……大家藏在心中的職場鬼故事？匿名幫你罵出來！【祈菈．貝希毛絲】,2022-08-14T11:57:46Z,https://www.youtube.com/watch?v=KMle_RgAIow,https://i.ytimg.com/vi/KMle_RgAIow/mqdefault.jpg
2ce2f9977d4a4dc0844e518369e11e6b,3625,【數學台】一年後再挑戰！中一不行小六可以了吧？？？？？？【HKVTuber/如月瑠美】,2022-08-20T15:50:15Z,https://www.youtube.com/watch?v=QsKFE_jLVkA,https://i.ytimg.com/vi/QsKFE_jLVkA/mqdefault.jpg
494d2c5daf9f4a8a8e4538687e6be14c,3615,【DEVOUR】擅闖民宅的邪教好朋友?今晚可以聽到很悅耳的聲音了  Ft.海唧/ 露恰露恰/祈菈‧貝希毛絲【兔姬UsagiHime | 惡兔重工】,2022-08-13T18:37:29Z,https://www.youtube.com/watch?v=rH7wt7NsnCo,https://i.ytimg.com/vi/rH7wt7NsnCo/mqdefault.jpg
4d738ca0bdee40e3b620f06ccc2dc987,3614,1384開始 沒酒醉了 【天晴Haruru】,2022-08-22T04:57:35Z,https://www.twitch.tv/videos/1569116328,https://static-cdn.jtvnw.net/cf_vods/d3vd9lfkzbru3h/3b85099083fa356fd905_tcharuru_39590308631_1661144248//thumb/thumb0-%{width}x%{height}.jpg
b42416c629e64c948f75aff4ff5c9a8a,3606,【手工藝】捏捏輕黏土！手渡來揉出一隻葡頭鳥吧 :V,2022-08-18T16:15:37Z,https://www.youtube.com/watch?v=Q2PFzbc3BH8,https://i.ytimg.com/vi/Q2PFzbc3BH8/mqdefault.jpg
84a911e2b05f4919a32e0c1618e32a7d,3599,【薩爾達傳說︰曠野之息】來一起散散步，遛個林克狼【光逸 幸 / Kouitu Sin】,2022-08-03T15:33:13Z,https://www.youtube.com/watch?v=Dal3UVGqOkE,https://i.ytimg.com/vi/Dal3UVGqOkE/mqdefault.jpg
c41044006a014ed28107f33221a7de98,3594,【PAINTING】雖然是男生，但沒穿還是有點危險！【AsaIfrit】 #asalive,2022-08-25T15:51:38Z,https://www.youtube.com/watch?v=ZZig4fh0mc4,https://i.ytimg.com/vi/ZZig4fh0mc4/mqdefault.jpg
98e3a5838fec4a6caa936ae35485de23,3590,【SILT #4】深海之旅就要完結了嗎？該上岸囉🍻【露恰露恰．Vtuber】,2022-08-17T17:14:00Z,https://www.youtube.com/watch?v=_t5qbEycIrc,https://i.ytimg.com/vi/_t5qbEycIrc/mqdefault.jpg
c41044006a014ed28107f33221a7de98,3575,Keyboard ASMR? #shorts #short,2022-08-27T08:34:40Z,https://www.youtube.com/watch?v=-XI70hQe8Aw,https://i.ytimg.com/vi/-XI70hQe8Aw/mqdefault.jpg
de0e98c9266449b7874a942cbbb63a0d,3572,【雜談】擦滿防曬的大鵬金翅鳥！還是逃不過曬黑的命運【阿爾姿/惡獸時代】,2022-08-16T12:06:37Z,https://www.youtube.com/watch?v=J79JWIkOMqU,https://i.ytimg.com/vi/J79JWIkOMqU/mqdefault.jpg
2e266a71aa3d4a67bb8d9a2a0b573319,3564,０８１９ (五) 沒錯是我！  | !YT !加班 !中秋活動 !八月活動 !魚幣比值 !發發活動 !Line,2022-08-19T13:45:46Z,https://www.twitch.tv/videos/1566429058,https://static-cdn.jtvnw.net/cf_vods/d3vd9lfkzbru3h/13e6f82bd0dc838f15dc_ziifish_39582980711_1660916737//thumb/thumb0-%{width}x%{height}.jpg
5b62816b7dee4c13856f3c21629be3c4,3561,【2022/8/25】今天有蛋塔 ! !加班 !蝦皮 !衣服,2022-08-25T02:07:04Z,https://www.twitch.tv/videos/1571800295,https://static-cdn.jtvnw.net/cf_vods/d3vd9lfkzbru3h/f20510031b1964fd362f_mica1130_39598541767_1661393214//thumb/thumb0-%{width}x%{height}.jpg
5ba11a0bf35147d499259ad5608a7de1,3559,【原神】來抽能讓人一見鍾情的藍人！ft.璐洛洛【蝦拉拉】,2022-08-24T18:05:22Z,https://www.youtube.com/watch?v=pr5kmX_bFR0,https://i.ytimg.com/vi/pr5kmX_bFR0/mqdefault.jpg
658e63bebdca421ca934b0bf6aa2bcd8,3554,【突發】直播戒斷症一個大發作 從出差中回來啦【灰妲 】#台灣Vtuber​​​ #reliveproject,2022-08-05T18:17:52Z,https://www.youtube.com/watch?v=DprtcLXmpx8,https://i.ytimg.com/vi/DprtcLXmpx8/mqdefault.jpg
95de1fe6727944e68404aec425d09170,3551,【白夜極光】卡蓮煜魂來了！獻祭流海唧到此一遊，抽卡到破產跟你拚了！！ 【海唧/惡獸時代】,2022-08-21T13:51:01Z,https://www.youtube.com/watch?v=B5_D9jKqDvk,https://i.ytimg.com/vi/B5_D9jKqDvk/mqdefault.jpg
e113ace92bbe445385bcc4635a9ca570,3543,【工作時間】深夜辦公時間⚡偷偷聊聊天,2022-08-30T18:30:19Z,https://www.youtube.com/watch?v=itFVkJFEaHY,https://i.ytimg.com/vi/itFVkJFEaHY/mqdefault.jpg
ba59bb31bbcd4cf3a481c4cf72918fb0,3533,【🎵歌回】打風日自彈自唱👻【米亞／HKVtuber】,2022-08-24T15:22:58Z,https://www.youtube.com/watch?v=YrgcWzi7_xY,https://i.ytimg.com/vi/YrgcWzi7_xY/mqdefault.jpg
d1dd83b6e8a24df4b61f766cff45113c,3530,【闇影詩章】懷舊娛樂賽➤沒想到馬蹄連一費盃都能夠入侵，選手超高端操作整場卡爛對面，災禍刻印出神入化｜然而下場雙方一起卡爛！➧RoG〈shadowverse/シャドウバース〉【台V/台灣Vtuber】,2022-08-11T12:32:28Z,https://www.youtube.com/watch?v=FgrmjKYSrrI,https://i.ytimg.com/vi/FgrmjKYSrrI/mqdefault.jpg
d418b8a185f449b3a15c1656ba654780,3529,【MMD】2 Phut Hon hip sway dance【KoShiNa】#馬來西亞vtuber #malaysiavtuber #2phuthon #phuthon,2022-08-13T06:44:17Z,https://www.youtube.com/watch?v=TdWY06OqGuc,https://i.ytimg.com/vi/TdWY06OqGuc/mqdefault.jpg
5535c9524eb046c38e172ebfa06b302f,3526,🔴AR60 ASIA【#原神 / Genshin】3.0須彌冒險肝任務!!  ▹璐洛洛◃,2022-08-27T18:59:43Z,https://www.twitch.tv/videos/1574335678,https://static-cdn.jtvnw.net/cf_vods/d3vd9lfkzbru3h/f17c04dfd839b47ab439_ruroroisme_39611103671_1661626773//thumb/thumb0-%{width}x%{height}.jpg
e7fd5d01e57c42658be2bf1e3ad5d696,3525,【Splatoon 3 耐久】夏天！祭典！前夜祭！【繆・索緹絲、光逸幸 (NKshoujo)】,2022-08-28T13:38:07Z,https://www.youtube.com/watch?v=6DuwS6PAS9Y,https://i.ytimg.com/vi/6DuwS6PAS9Y/mqdefault.jpg
70a7428607b845fc959fb7d4859d018b,3512,8/11  ◆5份贈訂或1千小奇點可以抽抱枕>_<  | !發發活動 !經驗計算  !YT !加班,2022-08-11T09:10:59Z,https://www.twitch.tv/videos/1558682408,https://static-cdn.jtvnw.net/cf_vods/d3vd9lfkzbru3h/115a99ece3ae2d0df744_zona181227_39562719959_1660209054//thumb/thumb0-%{width}x%{height}.jpg
ba562aad440d483e988d3ce7e7217c94,3509,[貓宮香草] 8/20 發發最後一天   !DC,2022-08-20T08:26:23Z,https://www.twitch.tv/videos/1567269740,https://static-cdn.jtvnw.net/cf_vods/d3vd9lfkzbru3h/69441e2705fec26d3b55_vanilla_shironeko_39585046967_1660983976//thumb/thumb0-%{width}x%{height}.jpg
626750f4e7a745619c171c44fb1efcc0,3504,【日服】小林歷奇開抽! 日服1.5周年情報懶人包  賽馬娘Pretty Derby  #26【天使Vtuber小雪Yukichan】,2022-08-22T07:40:53Z,https://www.youtube.com/watch?v=8xNqTBDXYZ0,https://i.ytimg.com/vi/8xNqTBDXYZ0/mqdefault.jpg
b42416c629e64c948f75aff4ff5c9a8a,3503,【精華剪輯】渡渡的屁股被看光了！？直接大型社死 :V,2022-08-29T13:00:14Z,https://www.youtube.com/watch?v=MZ4rmJ_cy9U,https://i.ytimg.com/vi/MZ4rmJ_cy9U/mqdefault.jpg
ba562aad440d483e988d3ce7e7217c94,3498,[貓宮香草] 8/8 發貓   !DC,2022-08-08T07:52:27Z,https://www.twitch.tv/videos/1555743127,https://static-cdn.jtvnw.net/cf_vods/d3vd9lfkzbru3h/6d8b660c1d667778322a_vanilla_shironeko_39554148871_1659945140//thumb/thumb0-%{width}x%{height}.jpg
6c872a4043b84e4493877a42af684d1d,3491,「宇宙歌枠」#40 一週年紀念超耐久 Singing Stream【銀河Galaxy】,2022-08-21T10:34:27Z,https://www.youtube.com/watch?v=wOXJwTIvbvc,https://i.ytimg.com/vi/wOXJwTIvbvc/mqdefault.jpg
ee0763f3339d45b493bf45488a8e7701,3487,【梓芊🐰】| 8/10 認真的打工人&發發集氣活動開跑啦ฅ●ω●ฅ   | !梓芊 !2周年 贈訂拿好禮 | 3千訂閱目標進行中 | !發發 快來看看超多好康,2022-08-10T00:30:30Z,https://www.twitch.tv/videos/1557393232,https://static-cdn.jtvnw.net/cf_vods/d3vd9lfkzbru3h/94e0ce255fffc3753e02_pandora0407_39558873447_1660091423//thumb/thumb0-%{width}x%{height}.jpg
ee0763f3339d45b493bf45488a8e7701,3472,【梓芊🐰】| 8/08 父親節快樂&發發集氣活動開跑啦ฅ●ω●ฅ   | !梓芊 !2周年 贈訂拿好禮 | 3千訂閱目標進行中 | !發發 快來看看超多好康,2022-08-08T00:28:40Z,https://www.twitch.tv/videos/1555494864,https://static-cdn.jtvnw.net/cf_vods/d3vd9lfkzbru3h/75ffc1b20eaf547210c7_pandora0407_39553441591_1659918513//thumb/thumb0-%{width}x%{height}.jpg
1254f176d93548aca5ac7f4b53313f71,3461,一拳超人 第三季 製作始動 #一拳超人 #一拳超人最强之男  #shorts #動畫消息,2022-08-18T03:48:01Z,https://www.youtube.com/watch?v=m0irShpovqk,https://i.ytimg.com/vi/m0irShpovqk/mqdefault.jpg
5535c9524eb046c38e172ebfa06b302f,3455,🔴【#賽馬娘】滿突『八重無敵』我來了！幫大課長代抽~ 小北前程四井的洛洛這次能否捲土重來？ ▹璐洛洛,2022-08-30T12:58:48Z,https://www.twitch.tv/videos/1576881908,https://static-cdn.jtvnw.net/cf_vods/d3vd9lfkzbru3h/12dbcf829142765c464c_ruroroisme_39622898039_1661864319//thumb/thumb0-%{width}x%{height}.jpg
a51be890a1f443ea87bee45c9d8acf13,3442,【Na J】回到家來報平安了~｜新貼圖  ^ↀᴥↀ^,2022-08-29T13:31:18Z,https://www.twitch.tv/videos/1575974741,https://static-cdn.jtvnw.net/cf_vods/d3vd9lfkzbru3h/96b4e9f8cadffaf1fdd0_kankona0616_39618732407_1661779873//thumb/thumb0-%{width}x%{height}.jpg
20f0e269ce554a00920de0444bc22aaf,3439,【初配信 debut】舒芙來了！準備好了嗎~想舒服的都來！｜TSA studio沒有愛就世界末日,2022-08-06T02:53:56Z,https://www.youtube.com/watch?v=_ItKZTuMeEU,https://i.ytimg.com/vi/_ItKZTuMeEU/mqdefault.jpg
ba562aad440d483e988d3ce7e7217c94,3424,[貓宮香草] 8/4 尋找新遊戲   !DC,2022-08-04T06:48:37Z,https://www.twitch.tv/videos/1551877577,https://static-cdn.jtvnw.net/cf_vods/d3vd9lfkzbru3h/8d344271d923c41b4d19_vanilla_shironeko_39542724295_1659595712//thumb/thumb0-%{width}x%{height}.jpg
ec1dec0e956c41ea97dfcebe96bc41b4,3421,🔵【天天】魔物廢人!半血復活! !集會  PC ▏吧噗.毛毛 ▏ !乾爸,2022-08-22T02:40:21Z,https://www.twitch.tv/videos/1569041792,https://static-cdn.jtvnw.net/cf_vods/d3vd9lfkzbru3h/5a238cd406da352c78ed_tian_0301_39590107047_1661136016//thumb/thumb0-%{width}x%{height}.jpg
5c4241def363418d9b7167d8369d0350,3420,貝塔虎妮：與兔姬的雙V之間,2022-08-22T12:00:12Z,https://www.youtube.com/watch?v=QRHn4Hk7Xgk,https://i.ytimg.com/vi/QRHn4Hk7Xgk/mqdefault.jpg
265a18972d244affae35711cfd1f9931,3420,🐙運動加班台(連續15天)🐙只好使用金錢的力量 逼迫自己多運動  DAY5【MiroLive/塔芭絲可】,2022-08-21T12:37:14Z,https://www.youtube.com/watch?v=lcjG4_ZemH0,https://i.ytimg.com/vi/lcjG4_ZemH0/mqdefault.jpg
d1dd83b6e8a24df4b61f766cff45113c,3417,【闇影詩章】牌組分享➤有料✨如果你能看得完這40分鐘的解說，肯定能有更深一步的理解！不要輕易挑戰雙飛拉緹卡...➧指定T3 RoG〈shadowverse/シャドウバース〉【台V/台灣Vtuber】,2022-08-24T13:00:31Z,https://www.youtube.com/watch?v=ZeRUFHkrn6w,https://i.ytimg.com/vi/ZeRUFHkrn6w/mqdefault.jpg
1b63d89e0b1a4b579de6d99e25eaff8f,3414,【貓祭官方精華】這年頭，奶子就是流量  #一週年回顧 #貓祭 #Vtuber,2022-08-15T12:00:24Z,https://www.youtube.com/watch?v=xru66A4NVQI,https://i.ytimg.com/vi/xru66A4NVQI/mqdefault.jpg
70a7428607b845fc959fb7d4859d018b,3414,8/19 ◆  感謝各位努力 發發活動祭品全數達成  |  !抽獎 !YT,2022-08-19T09:19:38Z,https://www.twitch.tv/videos/1566301124,https://static-cdn.jtvnw.net/cf_vods/d3vd9lfkzbru3h/a1e977f2210886bc2c5d_zona181227_39582093447_1660900771//thumb/thumb0-%{width}x%{height}.jpg
f7c48554816643cdb8d343e6e9e6d313,3411,【諾櫻NOE🌸】現場考給你看啦 我騎車超安全【機車駕照題庫練習】#台灣Vtuber​​​​​ #ReliveProject,2022-08-24T15:31:34Z,https://www.youtube.com/watch?v=KP7Qm0L2Bj4,https://i.ytimg.com/vi/KP7Qm0L2Bj4/mqdefault.jpg
d1dd83b6e8a24df4b61f766cff45113c,3411,【闇影詩章】極天龍鳴擴充∷護符教的終端終於出現｜現在新卡給的強度真的很保守？#2〈shadowverse/シャドウバース〉,2022-08-18T05:17:06Z,https://www.youtube.com/watch?v=ZVOxqdJM00c,https://i.ytimg.com/vi/ZVOxqdJM00c/mqdefault.jpg
dee8efe8990e458c915e4f6a6a16b49f,3408,北極的企鵝 / 徐子未 (Covered by 泰多貝亞/熊頭),2022-08-28T15:00:11Z,https://www.youtube.com/watch?v=c8a_SYHHH1E,https://i.ytimg.com/vi/c8a_SYHHH1E/mqdefault.jpg
d6c4708f6eb94ac6ad7668363b132248,3406,【暴力ASMR!!!】音量注意⚠️適合抖M的人收聽💕Comfortable ear massage💕【人偶薩賓娜🧸】,2022-08-10T03:07:20Z,https://www.youtube.com/watch?v=BV8B8xW7DyI,https://i.ytimg.com/vi/BV8B8xW7DyI/mqdefault.jpg
d1dd83b6e8a24df4b61f766cff45113c,3401,【闇影詩章】牌組分享➤馬納歷亞雙姬終於和好，一起施放終於大魔法，全從者登場集結疾馳帶走！➧指定T4 RoG〈shadowverse/シャドウバース〉【台V/台灣Vtuber】,2022-08-25T13:33:09Z,https://www.youtube.com/watch?v=FkwjuLWNu1A,https://i.ytimg.com/vi/FkwjuLWNu1A/mqdefault.jpg
6fb8c6dea7404638a9d78d4b0d84f64c,3388,【歌】成熟大姊姊唱歌好好陪你休息放鬆！【祈菈．貝希毛絲】,2022-08-17T14:38:41Z,https://www.youtube.com/watch?v=SF_mNoT2yN8,https://i.ytimg.com/vi/SF_mNoT2yN8/mqdefault.jpg
590a2bca0051444fb98915e5d761d47c,3387,【AirLife】九點一起來看首播 Ft.一大堆V｜#紫勾申請中 !精華 ｜ #Vtype #小森未央,2022-08-27T11:42:16Z,https://www.twitch.tv/videos/1574011356,https://static-cdn.jtvnw.net/cf_vods/d3vd9lfkzbru3h/235124ed882bbedc03d1_komorimio_39609215495_1661600529//thumb/thumb0-%{width}x%{height}.jpg
a51be890a1f443ea87bee45c9d8acf13,3386,【Na J】五碎覺再起 | 發發集氣挑戰進行中^ↀᴥↀ^,2022-08-19T13:01:34Z,https://www.twitch.tv/videos/1566402003,https://static-cdn.jtvnw.net/cf_vods/d3vd9lfkzbru3h/f08176f585294b8ab370_kankona0616_39582802151_1660914087//thumb/thumb0-%{width}x%{height}.jpg
ba59bb31bbcd4cf3a481c4cf72918fb0,3385,【米亞binc大會】先尷尬就輸了！請觀眾投稿米亞黑歷史🖤【米亞／HKVtuber】,2022-08-14T15:24:43Z,https://www.youtube.com/watch?v=IBt44aXcFrI,https://i.ytimg.com/vi/IBt44aXcFrI/mqdefault.jpg
8b027d3a3f374c9c8398b6dd751e5018,3381,【原神】鼠人時間...調作息真難ヘ| ´ω｀ |ﾉ｜!加班,2022-08-03T16:15:31Z,https://www.twitch.tv/videos/1551181322,https://static-cdn.jtvnw.net/cf_vods/d3vd9lfkzbru3h/86576b7047ac748b2b65_lisheng_tw_39541636151_1659543321//thumb/thumb0-%{width}x%{height}.jpg
7081557634db487fa467b0bd2f939f66,3374,分手節快樂～💙,2022-08-03T23:40:01Z,https://www.youtube.com/watch?v=f_pFCAY7qwg,https://i.ytimg.com/vi/f_pFCAY7qwg/mqdefault.jpg
70a7428607b845fc959fb7d4859d018b,3374,8/25 ◆  最好玩ㄉ遊戲更新ㄌ  |  !YT,2022-08-25T09:03:07Z,https://www.twitch.tv/videos/1572002712,https://static-cdn.jtvnw.net/cf_vods/d3vd9lfkzbru3h/ac5506645423fcd52094_zona181227_39599651543_1661418182//thumb/thumb0-%{width}x%{height}.jpg
e150e350532b4327b26989dd43cd3bad,3371,【5000慶祝貓貓台】你沒看錯，我其實就是一隻XX !丨艾比 . Post Rabi,2022-08-18T16:51:47Z,https://www.youtube.com/watch?v=xyocsziwd2c,https://i.ytimg.com/vi/xyocsziwd2c/mqdefault.jpg
1b63d89e0b1a4b579de6d99e25eaff8f,3370,【早安貓祭】大家都香香！！！我好了！！！ #早安貓祭 #OHAMEOW,2022-08-29T04:12:47Z,https://www.youtube.com/watch?v=i_BM0Xxuf9o,https://i.ytimg.com/vi/i_BM0Xxuf9o/mqdefault.jpg
6c88799c6f45407faf0f9ea007b0dcab,3370,【Witch It】完全初見躲貓貓！藏匿什麼的我應該在行吧？Ft.很多人在說明欄《鷲峰良》,2022-08-21T16:16:38Z,https://www.youtube.com/watch?v=NoSSOyLIr5Q,https://i.ytimg.com/vi/NoSSOyLIr5Q/mqdefault.jpg
d1dd83b6e8a24df4b61f766cff45113c,3368,【闇影詩章】➤抽到倒吊主戰當然要來秀一下，左踢超越右揍棄牌下踹狂亂，原來真有那麼強！？➧ RoG〈shadowverse/シャドウバース〉【台V/台灣Vtuber】,2022-08-05T13:06:52Z,https://www.youtube.com/watch?v=DeLymva1H4U,https://i.ytimg.com/vi/DeLymva1H4U/mqdefault.jpg
28a930938667442288010b333937e2ab,3364,魚 花園鰻 Lycoris Recoil Sakana 莉可麗絲《焦兒》,2022-08-23T11:55:15Z,https://www.youtube.com/watch?v=GCf13EhIL_I,https://i.ytimg.com/vi/GCf13EhIL_I/mqdefault.jpg
e150e350532b4327b26989dd43cd3bad,3364,【故事回】農曆7月的鬼故事特集 !! 讓你毛骨悚然的東西到底甚麼...?丨艾比 . Post Rabi,2022-08-06T16:29:32Z,https://www.youtube.com/watch?v=D5Ojax08Gb4,https://i.ytimg.com/vi/D5Ojax08Gb4/mqdefault.jpg
9d9c6477329245cbb2557895f4f15686,3356,讓世界幸福的尾巴魔法,2022-08-25T17:37:40Z,https://www.youtube.com/watch?v=bEr8OfcgzCw,https://i.ytimg.com/vi/bEr8OfcgzCw/mqdefault.jpg
1254f176d93548aca5ac7f4b53313f71,3354,#天下布魔  地方媽媽 提爾絲 #女 #shorts,2022-08-14T10:03:38Z,https://www.youtube.com/watch?v=SieGs1ne4Ps,https://i.ytimg.com/vi/SieGs1ne4Ps/mqdefault.jpg
2be709cdd22f4a63a95504731ba79afd,3353,【歌回】5000滿月大感謝古風歌回！會員也要開啟啦~【閻鈴YangLing・VTuber】,2022-08-03T15:17:55Z,https://www.youtube.com/watch?v=se_A6GRi6WU,https://i.ytimg.com/vi/se_A6GRi6WU/mqdefault.jpg
6fb8c6dea7404638a9d78d4b0d84f64c,3350,【雜談】好在意這些零食的味道！祈菈認真不專業零食點評！【祈菈．貝希毛絲】,2022-08-12T15:40:18Z,https://www.youtube.com/watch?v=eKdya0lhgHc,https://i.ytimg.com/vi/eKdya0lhgHc/mqdefault.jpg
05e831b267914fc5b4d9b28de1f648dc,3347,【 歌枠 】♩ 抖音一響 sᴀᴢᴋɪ 就癢 .. 👊 【sazki | vtuber】,2022-08-31T13:38:38Z,https://www.youtube.com/watch?v=qGJXmDBjFc8,https://i.ytimg.com/vi/qGJXmDBjFc8/mqdefault.jpg
ba59bb31bbcd4cf3a481c4cf72918fb0,3343,【鬼節特輯】香港都市傳說。【米亞／HKVtuber】,2022-08-11T15:17:17Z,https://www.youtube.com/watch?v=LFn2499y4kA,https://i.ytimg.com/vi/LFn2499y4kA/mqdefault.jpg
ba562aad440d483e988d3ce7e7217c94,3342,[貓宮香草] 8/7 假日鹹魚貓   !DC,2022-08-07T07:32:34Z,https://www.twitch.tv/videos/1554799337,https://static-cdn.jtvnw.net/cf_vods/d3vd9lfkzbru3h/df53500f475f2d156fc9_vanilla_shironeko_39551469063_1659857547//thumb/thumb0-%{width}x%{height}.jpg
a8ce4642418b4fe8ba1471a32097f4c4,3337,【Splatoon 3 前夜祭 】斯普拉遁3 ! 一起來快樂的用漆彈來拖地吧 ! 【歐妲/惡獸時代】,2022-08-28T05:59:03Z,https://www.youtube.com/watch?v=6EA97el0RRY,https://i.ytimg.com/vi/6EA97el0RRY/mqdefault.jpg
f110fd69b66941bab04de9ada563c6ac,3334,【全民節奏天國#1】終於把Wii給搬回來了！挑戰把所有關卡都給破完！【AoiHinamori】,2022-08-12T16:59:34Z,https://www.youtube.com/watch?v=0sWpTmUvDW4,https://i.ytimg.com/vi/0sWpTmUvDW4/mqdefault.jpg
dee8efe8990e458c915e4f6a6a16b49f,3332,【與兔子的台詞回】今天你可以讓我們講 你想聽的哦,2022-08-04T18:10:53Z,https://www.youtube.com/watch?v=34EorSJN-AU,https://i.ytimg.com/vi/34EorSJN-AU/mqdefault.jpg
0bf0ec441dc6489583f7218e02ab6a89,3331,🔴【ASMR 心音】08/04 21:30 讓你們看見最真實的Nyoro...平常看不到的，心音ASMR ❤ ！,2022-08-04T16:12:00Z,https://www.youtube.com/watch?v=5_IYTYs4bN0,https://i.ytimg.com/vi/5_IYTYs4bN0/mqdefault.jpg
d797701ab1564b62906f91a341134a9e,3317,【beat refle 按魔狂】超激H🚫色到重新上架的節奏音遊🎹 #ユメビエム #YumebiEmu #台V,2022-08-13T15:24:23Z,https://www.youtube.com/watch?v=7OtEiTz9l_E,https://i.ytimg.com/vi/7OtEiTz9l_E/mqdefault.jpg
1a95bb88e451498ca3491b69af964588,3306,8/12 安安 !接單 | !集氣 !陪玩 !剪輯  !VPN !LINE群 |,2022-08-12T12:57:04Z,https://www.twitch.tv/videos/1559743104,https://static-cdn.jtvnw.net/cf_vods/d3vd9lfkzbru3h/770000ac8b59e6c1fccb_hsuanhsuandesu_39566190071_1660309017//thumb/thumb0-%{width}x%{height}.jpg
c41044006a014ed28107f33221a7de98,3303,【PAINTING】草稿好像畫太多了！！【AsaIfrit】 #asalive,2022-08-18T15:50:05Z,https://www.youtube.com/watch?v=sz_h7ANndYA,https://i.ytimg.com/vi/sz_h7ANndYA/mqdefault.jpg
ee0763f3339d45b493bf45488a8e7701,3303,【梓芊🐰】| 8/30 昨天下大雨差點回不了家ฅ●ω●ฅ   | !梓芊 3千訂閱目標達成來還債拉(會有PART.2 不要錯過拉),2022-08-30T00:30:42Z,https://www.twitch.tv/videos/1576496131,https://static-cdn.jtvnw.net/cf_vods/d3vd9lfkzbru3h/353eb7876bd73254b84d_pandora0407_39620599911_1661819435//thumb/thumb0-%{width}x%{height}.jpg
936b23e5e87144108c5d3f09f194c8b8,3297,【蔥鴨 8/27】嗡嘛呢唄美吽 (º̩̩́⌣º̩̩̀ʃƪ)  | !VPN |  !IG  |   !推特  |   !棉花糖(募集中),2022-08-27T07:03:10Z,https://www.twitch.tv/videos/1573897945,https://static-cdn.jtvnw.net/cf_vods/d3vd9lfkzbru3h/8b1854792c2a2c28e1c3_kamonegi1230_39608205079_1661583783//thumb/thumb0-%{width}x%{height}.jpg
1b63d89e0b1a4b579de6d99e25eaff8f,3293,【貓祭】臨時企劃卻多人回應 ！？閱讀大家的作文！  #vtuber #貓祭,2022-08-07T18:26:42Z,https://www.youtube.com/watch?v=l7V3UC93zLs,https://i.ytimg.com/vi/l7V3UC93zLs/mqdefault.jpg
70a7428607b845fc959fb7d4859d018b,3291,8/13 ◆ 抽AirPod 3 跟 blue麥克風 | !發發活動 !經驗計算  !YT !加班,2022-08-13T05:32:55Z,https://www.twitch.tv/videos/1560537145,https://static-cdn.jtvnw.net/cf_vods/d2nvs31859zcd8/8aab08bef6e5b1900f81_zona181227_41112665803_1660368771//thumb/thumb0-%{width}x%{height}.jpg
58abad4aa8de49efb785367503dfd92c,3289,【ASMR助眠】睡眠導入♡安心磨蹭磨蹭♡心音擁抱♡ Ear Massage and Rubbing ♡タオル マッサージ♡【桃野薔薇 Vtuber】,2022-08-26T22:49:23Z,https://www.youtube.com/watch?v=l2XDNgiUVCE,https://i.ytimg.com/vi/l2XDNgiUVCE/mqdefault.jpg
3be86a2a9cb447f393d235132e157789,3288,【Vtuber】看完動畫睡覺覺，明天一定準時起床【四天三夜夏令營-2】#ACGlive #蕾兒,2022-08-15T00:53:45Z,https://www.youtube.com/watch?v=SU2JZIgJero,https://i.ytimg.com/vi/SU2JZIgJero/mqdefault.jpg
58abad4aa8de49efb785367503dfd92c,3283,【廣東話ASMR】黏稠按摩♡深入吃耳朵♡失眠陪伴♡Mouth Sounds Whisper Ear Massage♡吐息 耳マッサージ 吐息【桃野薔薇Vtuber】,2022-08-27T21:23:47Z,https://www.youtube.com/watch?v=y3LzzyYCaPA,https://i.ytimg.com/vi/y3LzzyYCaPA/mqdefault.jpg
e93bd1102e214cbaa71cc5b2e4a53595,3279,【弾き語り】Summertime /cinnamons x evening cinema #shorts 【厄倫蒂兒．Vtuber】#新人vtuber,2022-08-25T11:59:14Z,https://www.youtube.com/watch?v=_emQ7ZVLeFE,https://i.ytimg.com/vi/_emQ7ZVLeFE/mqdefault.jpg
1b63d89e0b1a4b579de6d99e25eaff8f,3276,來自貓祭的一則訊息,2022-08-22T14:30:15Z,https://www.youtube.com/watch?v=5lF6PcSMh6U,https://i.ytimg.com/vi/5lF6PcSMh6U/mqdefault.jpg
1b63d89e0b1a4b579de6d99e25eaff8f,3266,【貓祭】雜談 | 開工啦 ! 聊天啦 ! #vtuber #貓祭,2022-08-20T17:38:54Z,https://www.youtube.com/watch?v=OGqZAIUGSMw,https://i.ytimg.com/vi/OGqZAIUGSMw/mqdefault.jpg
95de1fe6727944e68404aec425d09170,3265,【Monster Hunter Rise】金銀火龍海哥來了！！開始準備農傀異鍊成的時候到了～【海唧/惡獸時代】,2022-08-13T10:56:19Z,https://www.youtube.com/watch?v=XuXekMHTHPA,https://i.ytimg.com/vi/XuXekMHTHPA/mqdefault.jpg
b42416c629e64c948f75aff4ff5c9a8a,3264,【minecraft1.19：伊甸飲酒】因為吃太飽了，所以這隻渡渡有點脹，可以幫我顧一下她嗎？,2022-08-13T10:36:31Z,https://www.youtube.com/watch?v=pG_CBKiANsw,https://i.ytimg.com/vi/pG_CBKiANsw/mqdefault.jpg
2ce65a2b0dd14d80afc6dd18b440bc06,3258,【遊戲】女鬼橋 開魂路 重新開屎,2022-08-27T13:00:10Z,https://www.twitch.tv/videos/1574055619,https://static-cdn.jtvnw.net/cf_vods/d3vd9lfkzbru3h/47af9e2255ccd285ebec_kurosaki_renta_ch_39609611879_1661605203//thumb/thumb0-%{width}x%{height}.jpg
bed13deb3871443980e131a466519b54,3247,【銀鈴雜談】一個月五次！既然你都給別人弄了，我養你這麼久，我弄你也沒關係吧【2022/8/4】,2022-08-04T04:57:33Z,https://www.youtube.com/watch?v=8ybY_7neUTc,https://i.ytimg.com/vi/8ybY_7neUTc/mqdefault.jpg
d1dd83b6e8a24df4b61f766cff45113c,3240,【闇影詩章】牌組分享➤史上構築最雜版本的增幅巫師，但打起來意外超不會卡！？➧指定T3 RoG〈shadowverse/シャドウバース〉【台V/台灣Vtuber】,2022-08-09T13:07:36Z,https://www.youtube.com/watch?v=sxMHHg_ygPw,https://i.ytimg.com/vi/sxMHHg_ygPw/mqdefault.jpg
1254f176d93548aca5ac7f4b53313f71,3237,魔術手手 #抖音 #短视频  #shorts #shortsvtuber #抖音热门 #抖音歌曲 #抖音流行歌曲 #短視頻  #短影片  #短片分享  #廢片  #演算法 #shorts勢vtuber,2022-08-17T09:19:54Z,https://www.youtube.com/watch?v=A1103V47vXE,https://i.ytimg.com/vi/A1103V47vXE/mqdefault.jpg
ec1dec0e956c41ea97dfcebe96bc41b4,3236,🔵【天天】獵一下等等羊羊嗎! ▏ !女鬼橋 !廠商!買抱枕 ▏吧噗.毛毛 ▏,2022-08-27T01:20:16Z,https://www.twitch.tv/videos/1573665752,https://static-cdn.jtvnw.net/cf_vods/d3vd9lfkzbru3h/912f45e3ad5213d638a3_tian_0301_39607292935_1661563211//thumb/thumb0-%{width}x%{height}.jpg
a51be890a1f443ea87bee45c9d8acf13,3234,【Na J】賴床了 |  發發集氣挑戰8/8出發^ↀᴥↀ^,2022-08-08T02:58:04Z,https://www.twitch.tv/videos/1555611274,https://static-cdn.jtvnw.net/cf_vods/d3vd9lfkzbru3h/0a35fa9670b6d84fc357_kankona0616_39553628263_1659927477//thumb/thumb0-%{width}x%{height}.jpg
a8ce4642418b4fe8ba1471a32097f4c4,3231,【線上扭蛋】目標蛋鋪一番賞 ! 扭不到我就叫非妲 【歐妲/惡獸時代】,2022-08-13T11:13:56Z,https://www.youtube.com/watch?v=xmZyLpvSaLs,https://i.ytimg.com/vi/xmZyLpvSaLs/mqdefault.jpg
7081557634db487fa467b0bd2f939f66,3228,"【HOUSE FLIPPER】Something is Flipping, and it's not the House【🥃Collin Palladio/柯林•派🦌】#77",2022-08-12T18:41:16Z,https://www.youtube.com/watch?v=wJr90ft_Ltk,https://i.ytimg.com/vi/wJr90ft_Ltk/mqdefault.jpg
626750f4e7a745619c171c44fb1efcc0,3224,金牛杯備戰 給大樹獻花祝福募集  賽馬娘Pretty Derby  #25【天使Vtuber小雪Yukichan】,2022-08-18T07:47:25Z,https://www.youtube.com/watch?v=LgyRuMc-Kro,https://i.ytimg.com/vi/LgyRuMc-Kro/mqdefault.jpg
a51be890a1f443ea87bee45c9d8acf13,3224,【Na J】今天建立邪教羊 |  發發集氣挑戰8/8出發^ↀᴥↀ^,2022-08-12T12:57:45Z,https://www.twitch.tv/videos/1559743534,https://static-cdn.jtvnw.net/cf_vods/d3vd9lfkzbru3h/91a59b2e3e1a22986499_kankona0616_39566192839_1660309060//thumb/thumb0-%{width}x%{height}.jpg
e113ace92bbe445385bcc4635a9ca570,3218,【SC感謝】輕鬆聊聊天⚡速速感謝不過期,2022-09-01T18:47:30Z,https://www.youtube.com/watch?v=jxlNwqjHW5w,https://i.ytimg.com/vi/jxlNwqjHW5w/mqdefault.jpg
5c7beefaa54444e3b0443d7abd93c1f7,3218,必勝！男生最真實的七夕約會！一晚體驗的毛式浪漫,2022-08-04T14:04:10Z,https://www.youtube.com/watch?v=QXJnJ1rPans,https://i.ytimg.com/vi/QXJnJ1rPans/mqdefault.jpg
e150e350532b4327b26989dd43cd3bad,3218,【半週年週邊發售】紀念周邊發表會 ♡ 開始販售啦~!! ft. 消夜ASMR雜談!?丨艾比 . Post Rabi,2022-08-08T17:32:28Z,https://www.youtube.com/watch?v=djPge3Lf2p8,https://i.ytimg.com/vi/djPge3Lf2p8/mqdefault.jpg
5b62816b7dee4c13856f3c21629be3c4,3216,【2022/8/24】哇哇哇哇哇我過了嗚嗚嗚 ! !加班 !蝦皮 !衣服,2022-08-24T01:28:59Z,https://www.twitch.tv/videos/1570845277,https://static-cdn.jtvnw.net/cf_vods/d3vd9lfkzbru3h/c710c2b0b4821dce42b1_mica1130_39595400135_1661304529//thumb/thumb0-%{width}x%{height}.jpg
a8ce4642418b4fe8ba1471a32097f4c4,3205,【夏季雜談】歡迎光臨 ! 客人~要來點甚麼嗎? 吃完飯來抽抽之前木棉花的獎品吧 【歐妲/惡獸時代】,2022-08-26T13:21:23Z,https://www.youtube.com/watch?v=8-e4qs6Vlx4,https://i.ytimg.com/vi/8-e4qs6Vlx4/mqdefault.jpg
58abad4aa8de49efb785367503dfd92c,3203,【ASMR助眠】微刺激濕潤耳朵按摩 ♡Intense Triggers For The Best Sleep♡耳をマッサージする音♡【桃野薔薇 | 香港Vtuber 台灣Vtuber】,2022-08-17T21:23:02Z,https://www.youtube.com/watch?v=k7P12aRVobE,https://i.ytimg.com/vi/k7P12aRVobE/mqdefault.jpg
ba562aad440d483e988d3ce7e7217c94,3203,[貓宮香草] 8/10 玩自己   !DC,2022-08-10T08:10:10Z,https://www.twitch.tv/videos/1557682906,https://static-cdn.jtvnw.net/cf_vods/d3vd9lfkzbru3h/bd127cdf8cda1b9f3a2c_vanilla_shironeko_39559677527_1660119003//thumb/thumb0-%{width}x%{height}.jpg
e113ace92bbe445385bcc4635a9ca570,3202,【SC感謝】輕聲細語時間⚡用滿滿的謝意伴User進入夢鄉,2022-08-24T19:07:39Z,https://www.youtube.com/watch?v=3J2NVCeUJLI,https://i.ytimg.com/vi/3J2NVCeUJLI/mqdefault.jpg
70a7428607b845fc959fb7d4859d018b,3199,8/23 ◆  隨便玩玩|  !YT,2022-08-23T08:22:22Z,https://www.twitch.tv/videos/1570111137,https://static-cdn.jtvnw.net/cf_vods/d3vd9lfkzbru3h/0f56886f84a2bebf93d9_zona181227_39593360903_1661242937//thumb/thumb0-%{width}x%{height}.jpg
4b6655120fbd4431a8f7894cac4a4d49,3196,ASMR雜談｜來安排之後工作 大家要陪陪我嗎？【Healing希靈/VTuber】,2022-08-28T17:39:29Z,https://www.youtube.com/watch?v=iC-TyGXRIJM,https://i.ytimg.com/vi/iC-TyGXRIJM/mqdefault.jpg
1254f176d93548aca5ac7f4b53313f71,3196,3.0版本須彌前瞻直播  #兌換碼 國際服兌換碼【#原神 / #Genshin】,2022-08-13T12:57:56Z,https://www.youtube.com/watch?v=QlNkcN9zJi0,https://i.ytimg.com/vi/QlNkcN9zJi0/mqdefault.jpg
5c7beefaa54444e3b0443d7abd93c1f7,3195,欸今天我生日 上次唱歌是一年半前,2022-08-07T12:29:27Z,https://www.youtube.com/watch?v=aJPWk9k2qEw,https://i.ytimg.com/vi/aJPWk9k2qEw/mqdefault.jpg
a8ce4642418b4fe8ba1471a32097f4c4,3195,【歌回】Google 翻譯來作詞 ! 別笑 ! 被翻譯過後的經典中文歌會變成甚麼樣子呢?【歐妲/惡獸時代】,2022-08-25T14:28:43Z,https://www.youtube.com/watch?v=QbWZWGimxq0,https://i.ytimg.com/vi/QbWZWGimxq0/mqdefault.jpg
95de1fe6727944e68404aec425d09170,3191,【粉絲提供精華】一言不合就玩蛋蛋💋BAN台擦邊球玩蛋專家海唧上線瞜！！【海唧/惡獸時代】,2022-08-18T09:00:07Z,https://www.youtube.com/watch?v=rNKeKZZpXMk,https://i.ytimg.com/vi/rNKeKZZpXMk/mqdefault.jpg
5535c9524eb046c38e172ebfa06b302f,3187,🔴敲忙8月…休息隨便玩 ▹璐洛洛◃,2022-08-19T17:38:19Z,https://www.twitch.tv/videos/1566593134,https://static-cdn.jtvnw.net/cf_vods/d3vd9lfkzbru3h/721460763896448157c2_ruroroisme_39583620567_1660930689//thumb/thumb0-%{width}x%{height}.jpg
4b6655120fbd4431a8f7894cac4a4d49,3185,(慎入)LF香聯動雜談｜ＧＧ的保養，醫生教你更持久！你的肛門不是四次元口袋！ Ft. @Minai yuta ch.藥袋癒太 【Healing希靈/VTube】,2022-08-27T14:06:10Z,https://www.youtube.com/watch?v=U4-ZN-qPtdo,https://i.ytimg.com/vi/U4-ZN-qPtdo/mqdefault.jpg
512b64ec20174d018540516e9edf2b2f,3182,睡覺！耍廢！抱枕圖出來了！但我還沒想到什麼時候出抱枕！（先把東西寄完）#靛之森 #鳥羽樂奈,2022-09-01T04:48:17Z,https://www.youtube.com/watch?v=874_VXzI950,https://i.ytimg.com/vi/874_VXzI950/mqdefault.jpg
b63a5ee44acf4498827a3fd984ab23e0,3180,「Reason」요아리 (Yoari)｜黑色太陽OST｜Cover by 蘆棠布奈,2022-08-22T11:30:18Z,https://www.youtube.com/watch?v=8sfe_-MgBYU,https://i.ytimg.com/vi/8sfe_-MgBYU/mqdefault.jpg
b42416c629e64c948f75aff4ff5c9a8a,3176,【寶可夢大集結】第一次的新手場！歡迎觀眾加入與指導！,2022-08-09T18:43:38Z,https://www.youtube.com/watch?v=b2ab6_B-mDY,https://i.ytimg.com/vi/b2ab6_B-mDY/mqdefault.jpg
a51be890a1f443ea87bee45c9d8acf13,3176,【Na J】禮拜四了 |  發發集氣挑戰進行中^ↀᴥↀ^ !截圖抽獎,2022-08-18T14:24:07Z,https://www.twitch.tv/videos/1565510754,https://static-cdn.jtvnw.net/cf_vods/d3vd9lfkzbru3h/023d0c211cf4579f0ca4_kankona0616_39580331303_1660832640//thumb/thumb0-%{width}x%{height}.jpg
bed13deb3871443980e131a466519b54,3167,【銀鈴雜談】「今天不用我，小孩金牛座。」這是一句廣告台詞【2022/8/8】,2022-08-08T05:09:02Z,https://www.youtube.com/watch?v=pQxHCTVUqOE,https://i.ytimg.com/vi/pQxHCTVUqOE/mqdefault.jpg
a51be890a1f443ea87bee45c9d8acf13,3167,【Na J】起床了 |  發發集氣挑戰進行中^ↀᴥↀ^,2022-08-17T03:01:07Z,https://www.twitch.tv/videos/1564241946,https://static-cdn.jtvnw.net/cf_vods/d3vd9lfkzbru3h/1cc46c26cf42b3e90ee1_kankona0616_39575830023_1660705260//thumb/thumb0-%{width}x%{height}.jpg
4b6655120fbd4431a8f7894cac4a4d49,3163,雜談｜3.5萬訂閱！！！今年的目標達成啦！！超開心啦！！ 【Healing希靈/VTuber】,2022-08-18T10:07:25Z,https://www.youtube.com/watch?v=gIw_hQbIqJ4,https://i.ytimg.com/vi/gIw_hQbIqJ4/mqdefault.jpg
f928118054aa4e11aa4ec88504d8b886,3163,【工作陪伴】夏日要去哪裡玩呢！想著放假去哪玩，虛擬同事陪你上班🦋！【 #臺灣vtuber / #雲際線】,2022-08-05T10:08:37Z,https://www.youtube.com/watch?v=SUr5o7shYO8,https://i.ytimg.com/vi/SUr5o7shYO8/mqdefault.jpg
549ccdec24884233bd675a2bab77cacf,3158,【雜談】EvilSpina、三兄弟◯◯程度排行！歡迎觀眾出題！【EvilSpina / 茜月しっぽ】,2022-08-26T16:29:41Z,https://www.youtube.com/watch?v=tDjM7yVlVjc,https://i.ytimg.com/vi/tDjM7yVlVjc/mqdefault.jpg
6908430ccb204a1b9d95ee7a1711cae3,3132,【蘆葦🌾】08/27 POE3.19 早安,2022-08-26T18:45:52Z,https://www.twitch.tv/videos/1573317001,https://static-cdn.jtvnw.net/cf_vods/d3vd9lfkzbru3h/aea52a84cd3080fb1ef9_wistonreed_39606529159_1661539545//thumb/thumb0-%{width}x%{height}.jpg
bed13deb3871443980e131a466519b54,3129,【銀鈴雜談】網路相約買手機被問「第一次給阿姨好不好？」【2022/8/9】,2022-08-09T04:55:48Z,https://www.youtube.com/watch?v=fntTcpYJeQ0,https://i.ytimg.com/vi/fntTcpYJeQ0/mqdefault.jpg
bed13deb3871443980e131a466519b54,3123,【銀鈴雜談】女子表示不想發生關係，卻脫光光躺在對方床上【2022/8/15】,2022-08-15T07:19:58Z,https://www.youtube.com/watch?v=tLJaU5AJVsg,https://i.ytimg.com/vi/tLJaU5AJVsg/mqdefault.jpg
a51be890a1f443ea87bee45c9d8acf13,3123,【Na J】終於全部寄完了！ |  ^ↀᴥↀ^,2022-08-22T03:11:28Z,https://www.twitch.tv/videos/1569061770,https://static-cdn.jtvnw.net/cf_vods/d3vd9lfkzbru3h/c37cdd4aa16f5a6c46ee_kankona0616_39590149751_1661137881//thumb/thumb0-%{width}x%{height}.jpg
ee0763f3339d45b493bf45488a8e7701,3121,【梓芊🐰】| 8/17 加班壞掉ㄌa fafa!ฅ●ω●ฅ   | !梓芊 3千訂閱目標達成 | !發發 快來看看超多好康,2022-08-17T00:25:32Z,https://www.twitch.tv/videos/1564100277,https://static-cdn.jtvnw.net/cf_vods/d3vd9lfkzbru3h/9b454d1ed2c72bcb31ed_pandora0407_39575625383_1660695925//thumb/thumb0-%{width}x%{height}.jpg
1a95bb88e451498ca3491b69af964588,3120,9/1 九月了 | !徵片師 !陪玩 !剪輯 |,2022-09-01T03:41:58Z,https://www.twitch.tv/videos/1578517658,https://static-cdn.jtvnw.net/cf_vods/d3vd9lfkzbru3h/3a65138d900df2ce453c_hsuanhsuandesu_39629491479_1662003713//thumb/thumb0-%{width}x%{height}.jpg
28a930938667442288010b333937e2ab,3119,VTuber線上公祭，我們會想念你的《焦兒》,2022-08-10T08:20:01Z,https://www.youtube.com/watch?v=5OLQm3KQDsg,https://i.ytimg.com/vi/5OLQm3KQDsg/mqdefault.jpg
bed13deb3871443980e131a466519b54,3117,【銀鈴雜談】25元可以幹嘛？買任何「1+1」組合再加25元，享小包薯條一份。【2022/8/5】,2022-08-05T04:51:22Z,https://www.youtube.com/watch?v=6Y66qcBQNHs,https://i.ytimg.com/vi/6Y66qcBQNHs/mqdefault.jpg
e350c8b7e41045419ee1ac73bc78921b,3114,【APEX】突發！初次傳家寶不一定抽的到台！究竟我抽不抽的到？我覺得可以！【夏伊拉Shyla】#apex #apexlegends,2022-08-25T19:28:15Z,https://www.youtube.com/watch?v=Ij2nxZ21Ltg,https://i.ytimg.com/vi/Ij2nxZ21Ltg/mqdefault.jpg
ba59bb31bbcd4cf3a481c4cf72918fb0,3114,【精華】💗 Pinku Pinku的世界 💗 明明認真唱歌，為甚麼反而生氣了QAQ？又要收皮了...【米亞】,2022-08-05T11:26:21Z,https://www.youtube.com/watch?v=RtqVJ9MRm20,https://i.ytimg.com/vi/RtqVJ9MRm20/mqdefault.jpg
f4cc8258f66e4276871f213aeaf93fbb,3111,【神燈 Akinator】考考看最愛哥哥!神燈叔叔竟然問理光這種事?!｜【緋夏理光 hikariimouto】,2022-08-03T08:00:11Z,https://www.youtube.com/watch?v=XG2wbKtn0lA,https://i.ytimg.com/vi/XG2wbKtn0lA/mqdefault.jpg
ee0763f3339d45b493bf45488a8e7701,3099,【梓芊🐰】| 8/11 委託暫時關閉//清委託中ฅ●ω●ฅ   | !梓芊 !2周年 贈訂拿好禮 | 3千訂閱目標進行中 | !發發 快來看看超多好康,2022-08-11T00:30:05Z,https://www.twitch.tv/videos/1558370339,https://static-cdn.jtvnw.net/cf_vods/d3vd9lfkzbru3h/d03b8b7e7a66eaf02af0_pandora0407_39561739767_1660177798//thumb/thumb0-%{width}x%{height}.jpg
1254f176d93548aca5ac7f4b53313f71,3098,#shorts #dance #TikTok #shortvideo  #shortsvtuber #TikTokhot #TikToksong #TikTokpopsong  #shortcool,2022-08-24T06:22:41Z,https://www.youtube.com/watch?v=RR3tV5cwITM,https://i.ytimg.com/vi/RR3tV5cwITM/mqdefault.jpg